"bracnh4$EVENT_DTTM","count","Year","Month","Day","Hour"
"2013 07 01 08",2,"2013"," 07"," 01"," 08"
"2013 07 01 09",17,"2013"," 07"," 01"," 09"
"2013 07 01 10",7,"2013"," 07"," 01"," 10"
"2013 07 01 11",32,"2013"," 07"," 01"," 11"
"2013 07 01 12",16,"2013"," 07"," 01"," 12"
"2013 07 01 13",19,"2013"," 07"," 01"," 13"
"2013 07 01 14",34,"2013"," 07"," 01"," 14"
"2013 07 01 15",18,"2013"," 07"," 01"," 15"
"2013 07 01 16",26,"2013"," 07"," 01"," 16"
"2013 07 01 17",31,"2013"," 07"," 01"," 17"
"2013 07 01 18",30,"2013"," 07"," 01"," 18"
"2013 07 01 19",5,"2013"," 07"," 01"," 19"
"2013 07 02 08",7,"2013"," 07"," 02"," 08"
"2013 07 02 09",19,"2013"," 07"," 02"," 09"
"2013 07 02 10",12,"2013"," 07"," 02"," 10"
"2013 07 02 11",10,"2013"," 07"," 02"," 11"
"2013 07 02 12",23,"2013"," 07"," 02"," 12"
"2013 07 02 13",18,"2013"," 07"," 02"," 13"
"2013 07 02 14",36,"2013"," 07"," 02"," 14"
"2013 07 02 15",17,"2013"," 07"," 02"," 15"
"2013 07 02 16",6,"2013"," 07"," 02"," 16"
"2013 07 02 17",16,"2013"," 07"," 02"," 17"
"2013 07 02 18",10,"2013"," 07"," 02"," 18"
"2013 07 02 19",3,"2013"," 07"," 02"," 19"
"2013 07 03 08",3,"2013"," 07"," 03"," 08"
"2013 07 03 09",11,"2013"," 07"," 03"," 09"
"2013 07 03 10",28,"2013"," 07"," 03"," 10"
"2013 07 03 11",14,"2013"," 07"," 03"," 11"
"2013 07 03 12",29,"2013"," 07"," 03"," 12"
"2013 07 03 13",20,"2013"," 07"," 03"," 13"
"2013 07 03 14",25,"2013"," 07"," 03"," 14"
"2013 07 03 15",15,"2013"," 07"," 03"," 15"
"2013 07 03 16",27,"2013"," 07"," 03"," 16"
"2013 07 03 17",20,"2013"," 07"," 03"," 17"
"2013 07 03 18",10,"2013"," 07"," 03"," 18"
"2013 07 03 19",5,"2013"," 07"," 03"," 19"
"2013 07 04 08",18,"2013"," 07"," 04"," 08"
"2013 07 04 09",16,"2013"," 07"," 04"," 09"
"2013 07 04 10",20,"2013"," 07"," 04"," 10"
"2013 07 04 11",20,"2013"," 07"," 04"," 11"
"2013 07 04 12",17,"2013"," 07"," 04"," 12"
"2013 07 04 13",28,"2013"," 07"," 04"," 13"
"2013 07 04 14",18,"2013"," 07"," 04"," 14"
"2013 07 04 15",18,"2013"," 07"," 04"," 15"
"2013 07 04 16",13,"2013"," 07"," 04"," 16"
"2013 07 04 17",24,"2013"," 07"," 04"," 17"
"2013 07 04 18",14,"2013"," 07"," 04"," 18"
"2013 07 04 19",5,"2013"," 07"," 04"," 19"
"2013 07 05 09",13,"2013"," 07"," 05"," 09"
"2013 07 05 10",34,"2013"," 07"," 05"," 10"
"2013 07 05 11",17,"2013"," 07"," 05"," 11"
"2013 07 05 12",18,"2013"," 07"," 05"," 12"
"2013 07 05 13",14,"2013"," 07"," 05"," 13"
"2013 07 05 14",14,"2013"," 07"," 05"," 14"
"2013 07 05 15",29,"2013"," 07"," 05"," 15"
"2013 07 05 16",11,"2013"," 07"," 05"," 16"
"2013 07 05 17",23,"2013"," 07"," 05"," 17"
"2013 07 05 18",23,"2013"," 07"," 05"," 18"
"2013 07 05 19",13,"2013"," 07"," 05"," 19"
"2013 07 06 09",11,"2013"," 07"," 06"," 09"
"2013 07 06 10",6,"2013"," 07"," 06"," 10"
"2013 07 06 11",20,"2013"," 07"," 06"," 11"
"2013 07 06 12",32,"2013"," 07"," 06"," 12"
"2013 07 06 13",30,"2013"," 07"," 06"," 13"
"2013 07 06 14",3,"2013"," 07"," 06"," 14"
"2013 07 08 08",3,"2013"," 07"," 08"," 08"
"2013 07 08 09",11,"2013"," 07"," 08"," 09"
"2013 07 08 10",32,"2013"," 07"," 08"," 10"
"2013 07 08 11",17,"2013"," 07"," 08"," 11"
"2013 07 08 12",15,"2013"," 07"," 08"," 12"
"2013 07 08 13",30,"2013"," 07"," 08"," 13"
"2013 07 08 14",24,"2013"," 07"," 08"," 14"
"2013 07 08 15",15,"2013"," 07"," 08"," 15"
"2013 07 08 16",24,"2013"," 07"," 08"," 16"
"2013 07 08 17",30,"2013"," 07"," 08"," 17"
"2013 07 08 18",26,"2013"," 07"," 08"," 18"
"2013 07 08 19",1,"2013"," 07"," 08"," 19"
"2013 07 09 08",23,"2013"," 07"," 09"," 08"
"2013 07 09 09",9,"2013"," 07"," 09"," 09"
"2013 07 09 10",13,"2013"," 07"," 09"," 10"
"2013 07 09 11",21,"2013"," 07"," 09"," 11"
"2013 07 09 12",28,"2013"," 07"," 09"," 12"
"2013 07 09 13",25,"2013"," 07"," 09"," 13"
"2013 07 09 14",39,"2013"," 07"," 09"," 14"
"2013 07 09 15",20,"2013"," 07"," 09"," 15"
"2013 07 09 16",11,"2013"," 07"," 09"," 16"
"2013 07 09 17",34,"2013"," 07"," 09"," 17"
"2013 07 09 18",19,"2013"," 07"," 09"," 18"
"2013 07 09 19",1,"2013"," 07"," 09"," 19"
"2013 07 10 09",11,"2013"," 07"," 10"," 09"
"2013 07 10 10",12,"2013"," 07"," 10"," 10"
"2013 07 10 11",21,"2013"," 07"," 10"," 11"
"2013 07 10 12",34,"2013"," 07"," 10"," 12"
"2013 07 10 13",11,"2013"," 07"," 10"," 13"
"2013 07 10 14",29,"2013"," 07"," 10"," 14"
"2013 07 10 15",11,"2013"," 07"," 10"," 15"
"2013 07 10 16",16,"2013"," 07"," 10"," 16"
"2013 07 10 17",20,"2013"," 07"," 10"," 17"
"2013 07 10 18",14,"2013"," 07"," 10"," 18"
"2013 07 10 19",10,"2013"," 07"," 10"," 19"
"2013 07 11 08",12,"2013"," 07"," 11"," 08"
"2013 07 11 09",16,"2013"," 07"," 11"," 09"
"2013 07 11 10",9,"2013"," 07"," 11"," 10"
"2013 07 11 11",35,"2013"," 07"," 11"," 11"
"2013 07 11 12",28,"2013"," 07"," 11"," 12"
"2013 07 11 13",16,"2013"," 07"," 11"," 13"
"2013 07 11 14",12,"2013"," 07"," 11"," 14"
"2013 07 11 15",23,"2013"," 07"," 11"," 15"
"2013 07 11 16",25,"2013"," 07"," 11"," 16"
"2013 07 11 17",20,"2013"," 07"," 11"," 17"
"2013 07 11 18",24,"2013"," 07"," 11"," 18"
"2013 07 11 19",14,"2013"," 07"," 11"," 19"
"2013 07 12 08",11,"2013"," 07"," 12"," 08"
"2013 07 12 09",12,"2013"," 07"," 12"," 09"
"2013 07 12 10",16,"2013"," 07"," 12"," 10"
"2013 07 12 11",16,"2013"," 07"," 12"," 11"
"2013 07 12 12",12,"2013"," 07"," 12"," 12"
"2013 07 12 13",14,"2013"," 07"," 12"," 13"
"2013 07 12 14",10,"2013"," 07"," 12"," 14"
"2013 07 12 15",14,"2013"," 07"," 12"," 15"
"2013 07 12 16",19,"2013"," 07"," 12"," 16"
"2013 07 12 17",30,"2013"," 07"," 12"," 17"
"2013 07 12 18",9,"2013"," 07"," 12"," 18"
"2013 07 12 19",1,"2013"," 07"," 12"," 19"
"2013 07 13 09",6,"2013"," 07"," 13"," 09"
"2013 07 13 10",6,"2013"," 07"," 13"," 10"
"2013 07 13 11",16,"2013"," 07"," 13"," 11"
"2013 07 13 12",21,"2013"," 07"," 13"," 12"
"2013 07 13 13",13,"2013"," 07"," 13"," 13"
"2013 07 13 14",1,"2013"," 07"," 13"," 14"
"2013 07 15 08",15,"2013"," 07"," 15"," 08"
"2013 07 15 09",21,"2013"," 07"," 15"," 09"
"2013 07 15 10",16,"2013"," 07"," 15"," 10"
"2013 07 15 11",18,"2013"," 07"," 15"," 11"
"2013 07 15 12",22,"2013"," 07"," 15"," 12"
"2013 07 15 13",27,"2013"," 07"," 15"," 13"
"2013 07 15 14",29,"2013"," 07"," 15"," 14"
"2013 07 15 15",25,"2013"," 07"," 15"," 15"
"2013 07 15 16",15,"2013"," 07"," 15"," 16"
"2013 07 15 17",38,"2013"," 07"," 15"," 17"
"2013 07 15 18",14,"2013"," 07"," 15"," 18"
"2013 07 15 19",6,"2013"," 07"," 15"," 19"
"2013 07 16 16",5,"2013"," 07"," 16"," 16"
"2013 07 16 17",1,"2013"," 07"," 16"," 17"
"2013 07 16 18",4,"2013"," 07"," 16"," 18"
"2013 07 16 19",2,"2013"," 07"," 16"," 19"
"2013 07 17 08",3,"2013"," 07"," 17"," 08"
"2013 07 17 09",17,"2013"," 07"," 17"," 09"
"2013 07 17 10",19,"2013"," 07"," 17"," 10"
"2013 07 17 11",15,"2013"," 07"," 17"," 11"
"2013 07 17 12",32,"2013"," 07"," 17"," 12"
"2013 07 17 13",27,"2013"," 07"," 17"," 13"
"2013 07 17 14",28,"2013"," 07"," 17"," 14"
"2013 07 17 15",39,"2013"," 07"," 17"," 15"
"2013 07 17 16",15,"2013"," 07"," 17"," 16"
"2013 07 17 17",19,"2013"," 07"," 17"," 17"
"2013 07 17 18",10,"2013"," 07"," 17"," 18"
"2013 07 17 19",7,"2013"," 07"," 17"," 19"
"2013 07 18 08",3,"2013"," 07"," 18"," 08"
"2013 07 18 09",13,"2013"," 07"," 18"," 09"
"2013 07 18 10",14,"2013"," 07"," 18"," 10"
"2013 07 18 11",15,"2013"," 07"," 18"," 11"
"2013 07 18 12",21,"2013"," 07"," 18"," 12"
"2013 07 18 13",27,"2013"," 07"," 18"," 13"
"2013 07 18 14",20,"2013"," 07"," 18"," 14"
"2013 07 18 15",28,"2013"," 07"," 18"," 15"
"2013 07 18 16",14,"2013"," 07"," 18"," 16"
"2013 07 18 17",15,"2013"," 07"," 18"," 17"
"2013 07 18 18",1,"2013"," 07"," 18"," 18"
"2013 07 19 08",5,"2013"," 07"," 19"," 08"
"2013 07 19 09",10,"2013"," 07"," 19"," 09"
"2013 07 19 10",5,"2013"," 07"," 19"," 10"
"2013 07 19 11",5,"2013"," 07"," 19"," 11"
"2013 07 19 12",19,"2013"," 07"," 19"," 12"
"2013 07 19 13",17,"2013"," 07"," 19"," 13"
"2013 07 19 14",22,"2013"," 07"," 19"," 14"
"2013 07 19 15",6,"2013"," 07"," 19"," 15"
"2013 07 19 16",13,"2013"," 07"," 19"," 16"
"2013 07 19 17",14,"2013"," 07"," 19"," 17"
"2013 07 19 18",4,"2013"," 07"," 19"," 18"
"2013 07 20 09",3,"2013"," 07"," 20"," 09"
"2013 07 20 10",5,"2013"," 07"," 20"," 10"
"2013 07 20 11",4,"2013"," 07"," 20"," 11"
"2013 07 20 12",11,"2013"," 07"," 20"," 12"
"2013 07 20 13",18,"2013"," 07"," 20"," 13"
"2013 07 20 14",1,"2013"," 07"," 20"," 14"
"2013 07 22 08",3,"2013"," 07"," 22"," 08"
"2013 07 22 09",18,"2013"," 07"," 22"," 09"
"2013 07 22 10",8,"2013"," 07"," 22"," 10"
"2013 07 22 11",14,"2013"," 07"," 22"," 11"
"2013 07 22 12",9,"2013"," 07"," 22"," 12"
"2013 07 22 13",32,"2013"," 07"," 22"," 13"
"2013 07 22 14",21,"2013"," 07"," 22"," 14"
"2013 07 22 15",11,"2013"," 07"," 22"," 15"
"2013 07 22 16",10,"2013"," 07"," 22"," 16"
"2013 07 22 17",18,"2013"," 07"," 22"," 17"
"2013 07 22 18",20,"2013"," 07"," 22"," 18"
"2013 07 22 19",4,"2013"," 07"," 22"," 19"
"2013 07 23 09",7,"2013"," 07"," 23"," 09"
"2013 07 23 10",19,"2013"," 07"," 23"," 10"
"2013 07 23 11",11,"2013"," 07"," 23"," 11"
"2013 07 23 12",2,"2013"," 07"," 23"," 12"
"2013 07 23 13",7,"2013"," 07"," 23"," 13"
"2013 07 23 14",26,"2013"," 07"," 23"," 14"
"2013 07 23 15",20,"2013"," 07"," 23"," 15"
"2013 07 23 16",11,"2013"," 07"," 23"," 16"
"2013 07 23 17",26,"2013"," 07"," 23"," 17"
"2013 07 23 18",13,"2013"," 07"," 23"," 18"
"2013 07 23 19",4,"2013"," 07"," 23"," 19"
"2013 07 24 08",3,"2013"," 07"," 24"," 08"
"2013 07 24 09",8,"2013"," 07"," 24"," 09"
"2013 07 24 10",5,"2013"," 07"," 24"," 10"
"2013 07 24 11",9,"2013"," 07"," 24"," 11"
"2013 07 24 12",9,"2013"," 07"," 24"," 12"
"2013 07 24 13",17,"2013"," 07"," 24"," 13"
"2013 07 24 14",14,"2013"," 07"," 24"," 14"
"2013 07 24 15",20,"2013"," 07"," 24"," 15"
"2013 07 24 16",18,"2013"," 07"," 24"," 16"
"2013 07 24 17",17,"2013"," 07"," 24"," 17"
"2013 07 24 18",23,"2013"," 07"," 24"," 18"
"2013 07 25 08",5,"2013"," 07"," 25"," 08"
"2013 07 25 09",7,"2013"," 07"," 25"," 09"
"2013 07 25 10",6,"2013"," 07"," 25"," 10"
"2013 07 25 11",16,"2013"," 07"," 25"," 11"
"2013 07 25 12",16,"2013"," 07"," 25"," 12"
"2013 07 25 13",23,"2013"," 07"," 25"," 13"
"2013 07 25 14",18,"2013"," 07"," 25"," 14"
"2013 07 25 15",22,"2013"," 07"," 25"," 15"
"2013 07 25 16",24,"2013"," 07"," 25"," 16"
"2013 07 25 17",11,"2013"," 07"," 25"," 17"
"2013 07 25 18",24,"2013"," 07"," 25"," 18"
"2013 07 25 19",4,"2013"," 07"," 25"," 19"
"2013 07 26 08",3,"2013"," 07"," 26"," 08"
"2013 07 26 09",3,"2013"," 07"," 26"," 09"
"2013 07 26 10",6,"2013"," 07"," 26"," 10"
"2013 07 26 11",17,"2013"," 07"," 26"," 11"
"2013 07 26 12",20,"2013"," 07"," 26"," 12"
"2013 07 26 13",22,"2013"," 07"," 26"," 13"
"2013 07 26 14",12,"2013"," 07"," 26"," 14"
"2013 07 26 15",6,"2013"," 07"," 26"," 15"
"2013 07 26 16",20,"2013"," 07"," 26"," 16"
"2013 07 26 17",32,"2013"," 07"," 26"," 17"
"2013 07 26 18",18,"2013"," 07"," 26"," 18"
"2013 07 26 19",6,"2013"," 07"," 26"," 19"
"2013 07 27 09",6,"2013"," 07"," 27"," 09"
"2013 07 27 10",6,"2013"," 07"," 27"," 10"
"2013 07 27 11",9,"2013"," 07"," 27"," 11"
"2013 07 27 12",12,"2013"," 07"," 27"," 12"
"2013 07 27 13",8,"2013"," 07"," 27"," 13"
"2013 07 27 14",1,"2013"," 07"," 27"," 14"
"2013 07 29 08",2,"2013"," 07"," 29"," 08"
"2013 07 29 09",9,"2013"," 07"," 29"," 09"
"2013 07 29 10",10,"2013"," 07"," 29"," 10"
"2013 07 29 11",11,"2013"," 07"," 29"," 11"
"2013 07 29 12",18,"2013"," 07"," 29"," 12"
"2013 07 29 13",15,"2013"," 07"," 29"," 13"
"2013 07 29 14",7,"2013"," 07"," 29"," 14"
"2013 07 29 15",19,"2013"," 07"," 29"," 15"
"2013 07 29 16",5,"2013"," 07"," 29"," 16"
"2013 07 29 17",12,"2013"," 07"," 29"," 17"
"2013 07 29 18",11,"2013"," 07"," 29"," 18"
"2013 07 29 19",4,"2013"," 07"," 29"," 19"
"2013 07 30 08",2,"2013"," 07"," 30"," 08"
"2013 07 30 09",7,"2013"," 07"," 30"," 09"
"2013 07 30 10",18,"2013"," 07"," 30"," 10"
"2013 07 30 11",15,"2013"," 07"," 30"," 11"
"2013 07 30 12",23,"2013"," 07"," 30"," 12"
"2013 07 30 13",12,"2013"," 07"," 30"," 13"
"2013 07 30 14",15,"2013"," 07"," 30"," 14"
"2013 07 30 15",29,"2013"," 07"," 30"," 15"
"2013 07 30 16",16,"2013"," 07"," 30"," 16"
"2013 07 30 17",13,"2013"," 07"," 30"," 17"
"2013 07 30 18",12,"2013"," 07"," 30"," 18"
"2013 07 30 19",9,"2013"," 07"," 30"," 19"
"2013 07 31 08",8,"2013"," 07"," 31"," 08"
"2013 07 31 09",7,"2013"," 07"," 31"," 09"
"2013 07 31 10",25,"2013"," 07"," 31"," 10"
"2013 07 31 11",38,"2013"," 07"," 31"," 11"
"2013 07 31 12",20,"2013"," 07"," 31"," 12"
"2013 07 31 13",15,"2013"," 07"," 31"," 13"
"2013 07 31 14",8,"2013"," 07"," 31"," 14"
"2013 07 31 15",2,"2013"," 07"," 31"," 15"
"2013 07 31 16",7,"2013"," 07"," 31"," 16"
"2013 07 31 17",22,"2013"," 07"," 31"," 17"
"2013 07 31 18",12,"2013"," 07"," 31"," 18"
"2013 07 31 19",13,"2013"," 07"," 31"," 19"
"2013 08 01 08",3,"2013"," 08"," 01"," 08"
"2013 08 01 09",15,"2013"," 08"," 01"," 09"
"2013 08 01 10",21,"2013"," 08"," 01"," 10"
"2013 08 01 11",29,"2013"," 08"," 01"," 11"
"2013 08 01 12",12,"2013"," 08"," 01"," 12"
"2013 08 01 13",30,"2013"," 08"," 01"," 13"
"2013 08 01 14",7,"2013"," 08"," 01"," 14"
"2013 08 01 15",18,"2013"," 08"," 01"," 15"
"2013 08 01 16",6,"2013"," 08"," 01"," 16"
"2013 08 01 17",17,"2013"," 08"," 01"," 17"
"2013 08 01 18",10,"2013"," 08"," 01"," 18"
"2013 08 01 19",12,"2013"," 08"," 01"," 19"
"2013 08 02 08",5,"2013"," 08"," 02"," 08"
"2013 08 02 09",12,"2013"," 08"," 02"," 09"
"2013 08 02 10",18,"2013"," 08"," 02"," 10"
"2013 08 02 11",21,"2013"," 08"," 02"," 11"
"2013 08 02 12",12,"2013"," 08"," 02"," 12"
"2013 08 02 13",29,"2013"," 08"," 02"," 13"
"2013 08 02 14",8,"2013"," 08"," 02"," 14"
"2013 08 02 15",18,"2013"," 08"," 02"," 15"
"2013 08 02 16",15,"2013"," 08"," 02"," 16"
"2013 08 02 18",9,"2013"," 08"," 02"," 18"
"2013 08 02 19",3,"2013"," 08"," 02"," 19"
"2013 08 03 09",16,"2013"," 08"," 03"," 09"
"2013 08 03 10",11,"2013"," 08"," 03"," 10"
"2013 08 03 11",9,"2013"," 08"," 03"," 11"
"2013 08 03 12",11,"2013"," 08"," 03"," 12"
"2013 08 03 13",11,"2013"," 08"," 03"," 13"
"2013 08 03 14",1,"2013"," 08"," 03"," 14"
"2013 08 05 08",9,"2013"," 08"," 05"," 08"
"2013 08 05 10",11,"2013"," 08"," 05"," 10"
"2013 08 05 11",16,"2013"," 08"," 05"," 11"
"2013 08 05 12",54,"2013"," 08"," 05"," 12"
"2013 08 05 15",9,"2013"," 08"," 05"," 15"
"2013 08 05 16",3,"2013"," 08"," 05"," 16"
"2013 08 05 17",3,"2013"," 08"," 05"," 17"
"2013 08 05 18",21,"2013"," 08"," 05"," 18"
"2013 08 05 19",6,"2013"," 08"," 05"," 19"
"2013 08 06 08",3,"2013"," 08"," 06"," 08"
"2013 08 06 09",9,"2013"," 08"," 06"," 09"
"2013 08 06 10",3,"2013"," 08"," 06"," 10"
"2013 08 06 11",12,"2013"," 08"," 06"," 11"
"2013 08 06 12",19,"2013"," 08"," 06"," 12"
"2013 08 06 13",14,"2013"," 08"," 06"," 13"
"2013 08 06 14",12,"2013"," 08"," 06"," 14"
"2013 08 06 15",8,"2013"," 08"," 06"," 15"
"2013 08 06 16",12,"2013"," 08"," 06"," 16"
"2013 08 06 17",19,"2013"," 08"," 06"," 17"
"2013 08 06 18",10,"2013"," 08"," 06"," 18"
"2013 08 06 19",7,"2013"," 08"," 06"," 19"
"2013 08 06 20",1,"2013"," 08"," 06"," 20"
"2013 08 07 08",4,"2013"," 08"," 07"," 08"
"2013 08 07 09",7,"2013"," 08"," 07"," 09"
"2013 08 07 10",25,"2013"," 08"," 07"," 10"
"2013 08 07 11",15,"2013"," 08"," 07"," 11"
"2013 08 07 12",21,"2013"," 08"," 07"," 12"
"2013 08 07 13",20,"2013"," 08"," 07"," 13"
"2013 08 07 14",7,"2013"," 08"," 07"," 14"
"2013 08 07 15",13,"2013"," 08"," 07"," 15"
"2013 08 07 16",13,"2013"," 08"," 07"," 16"
"2013 08 07 17",13,"2013"," 08"," 07"," 17"
"2013 08 07 18",18,"2013"," 08"," 07"," 18"
"2013 08 08 08",6,"2013"," 08"," 08"," 08"
"2013 08 08 09",13,"2013"," 08"," 08"," 09"
"2013 08 08 10",8,"2013"," 08"," 08"," 10"
"2013 08 08 11",14,"2013"," 08"," 08"," 11"
"2013 08 08 12",8,"2013"," 08"," 08"," 12"
"2013 08 08 13",20,"2013"," 08"," 08"," 13"
"2013 08 08 14",18,"2013"," 08"," 08"," 14"
"2013 08 08 15",13,"2013"," 08"," 08"," 15"
"2013 08 08 16",6,"2013"," 08"," 08"," 16"
"2013 08 08 17",20,"2013"," 08"," 08"," 17"
"2013 08 08 18",13,"2013"," 08"," 08"," 18"
"2013 08 08 19",14,"2013"," 08"," 08"," 19"
"2013 08 09 08",8,"2013"," 08"," 09"," 08"
"2013 08 09 09",6,"2013"," 08"," 09"," 09"
"2013 08 09 10",10,"2013"," 08"," 09"," 10"
"2013 08 09 11",25,"2013"," 08"," 09"," 11"
"2013 08 09 12",11,"2013"," 08"," 09"," 12"
"2013 08 09 13",6,"2013"," 08"," 09"," 13"
"2013 08 09 14",17,"2013"," 08"," 09"," 14"
"2013 08 09 15",7,"2013"," 08"," 09"," 15"
"2013 08 09 16",8,"2013"," 08"," 09"," 16"
"2013 08 09 17",7,"2013"," 08"," 09"," 17"
"2013 08 09 18",5,"2013"," 08"," 09"," 18"
"2013 08 09 19",1,"2013"," 08"," 09"," 19"
"2013 08 10 09",13,"2013"," 08"," 10"," 09"
"2013 08 10 10",16,"2013"," 08"," 10"," 10"
"2013 08 10 11",11,"2013"," 08"," 10"," 11"
"2013 08 10 12",10,"2013"," 08"," 10"," 12"
"2013 08 10 13",11,"2013"," 08"," 10"," 13"
"2013 08 10 14",1,"2013"," 08"," 10"," 14"
"2013 08 12 09",12,"2013"," 08"," 12"," 09"
"2013 08 12 10",8,"2013"," 08"," 12"," 10"
"2013 08 12 11",6,"2013"," 08"," 12"," 11"
"2013 08 12 12",35,"2013"," 08"," 12"," 12"
"2013 08 12 13",21,"2013"," 08"," 12"," 13"
"2013 08 12 14",23,"2013"," 08"," 12"," 14"
"2013 08 12 15",14,"2013"," 08"," 12"," 15"
"2013 08 12 16",13,"2013"," 08"," 12"," 16"
"2013 08 12 17",11,"2013"," 08"," 12"," 17"
"2013 08 12 18",10,"2013"," 08"," 12"," 18"
"2013 08 12 19",3,"2013"," 08"," 12"," 19"
"2013 08 13 08",3,"2013"," 08"," 13"," 08"
"2013 08 13 09",15,"2013"," 08"," 13"," 09"
"2013 08 13 10",13,"2013"," 08"," 13"," 10"
"2013 08 13 11",17,"2013"," 08"," 13"," 11"
"2013 08 13 12",20,"2013"," 08"," 13"," 12"
"2013 08 13 13",30,"2013"," 08"," 13"," 13"
"2013 08 13 14",15,"2013"," 08"," 13"," 14"
"2013 08 13 15",9,"2013"," 08"," 13"," 15"
"2013 08 13 16",20,"2013"," 08"," 13"," 16"
"2013 08 13 17",16,"2013"," 08"," 13"," 17"
"2013 08 13 18",11,"2013"," 08"," 13"," 18"
"2013 08 13 19",4,"2013"," 08"," 13"," 19"
"2013 08 14 08",3,"2013"," 08"," 14"," 08"
"2013 08 14 09",9,"2013"," 08"," 14"," 09"
"2013 08 14 10",11,"2013"," 08"," 14"," 10"
"2013 08 14 11",1,"2013"," 08"," 14"," 11"
"2013 08 14 12",13,"2013"," 08"," 14"," 12"
"2013 08 14 13",16,"2013"," 08"," 14"," 13"
"2013 08 14 14",7,"2013"," 08"," 14"," 14"
"2013 08 14 15",11,"2013"," 08"," 14"," 15"
"2013 08 14 17",7,"2013"," 08"," 14"," 17"
"2013 08 14 18",5,"2013"," 08"," 14"," 18"
"2013 08 14 19",4,"2013"," 08"," 14"," 19"
"2013 08 15 08",7,"2013"," 08"," 15"," 08"
"2013 08 15 09",9,"2013"," 08"," 15"," 09"
"2013 08 15 10",19,"2013"," 08"," 15"," 10"
"2013 08 15 11",30,"2013"," 08"," 15"," 11"
"2013 08 15 12",4,"2013"," 08"," 15"," 12"
"2013 08 15 13",12,"2013"," 08"," 15"," 13"
"2013 08 15 14",28,"2013"," 08"," 15"," 14"
"2013 08 15 15",32,"2013"," 08"," 15"," 15"
"2013 08 15 16",13,"2013"," 08"," 15"," 16"
"2013 08 15 17",17,"2013"," 08"," 15"," 17"
"2013 08 15 18",24,"2013"," 08"," 15"," 18"
"2013 08 15 19",1,"2013"," 08"," 15"," 19"
"2013 08 16 08",7,"2013"," 08"," 16"," 08"
"2013 08 16 09",19,"2013"," 08"," 16"," 09"
"2013 08 16 10",34,"2013"," 08"," 16"," 10"
"2013 08 16 11",9,"2013"," 08"," 16"," 11"
"2013 08 16 12",23,"2013"," 08"," 16"," 12"
"2013 08 16 13",6,"2013"," 08"," 16"," 13"
"2013 08 16 14",17,"2013"," 08"," 16"," 14"
"2013 08 16 15",11,"2013"," 08"," 16"," 15"
"2013 08 16 16",18,"2013"," 08"," 16"," 16"
"2013 08 16 17",14,"2013"," 08"," 16"," 17"
"2013 08 16 18",9,"2013"," 08"," 16"," 18"
"2013 08 16 19",1,"2013"," 08"," 16"," 19"
"2013 08 17 09",12,"2013"," 08"," 17"," 09"
"2013 08 17 10",13,"2013"," 08"," 17"," 10"
"2013 08 17 11",14,"2013"," 08"," 17"," 11"
"2013 08 17 12",34,"2013"," 08"," 17"," 12"
"2013 08 17 13",29,"2013"," 08"," 17"," 13"
"2013 08 19 10",2,"2013"," 08"," 19"," 10"
"2013 08 19 11",2,"2013"," 08"," 19"," 11"
"2013 08 19 12",25,"2013"," 08"," 19"," 12"
"2013 08 19 13",13,"2013"," 08"," 19"," 13"
"2013 08 19 14",19,"2013"," 08"," 19"," 14"
"2013 08 19 15",20,"2013"," 08"," 19"," 15"
"2013 08 19 16",11,"2013"," 08"," 19"," 16"
"2013 08 19 17",18,"2013"," 08"," 19"," 17"
"2013 08 19 18",4,"2013"," 08"," 19"," 18"
"2013 08 19 19",6,"2013"," 08"," 19"," 19"
"2013 08 20 09",26,"2013"," 08"," 20"," 09"
"2013 08 20 10",18,"2013"," 08"," 20"," 10"
"2013 08 20 11",18,"2013"," 08"," 20"," 11"
"2013 08 20 12",16,"2013"," 08"," 20"," 12"
"2013 08 20 13",17,"2013"," 08"," 20"," 13"
"2013 08 20 14",12,"2013"," 08"," 20"," 14"
"2013 08 20 15",25,"2013"," 08"," 20"," 15"
"2013 08 20 16",5,"2013"," 08"," 20"," 16"
"2013 08 20 17",11,"2013"," 08"," 20"," 17"
"2013 08 20 18",19,"2013"," 08"," 20"," 18"
"2013 08 21 12",16,"2013"," 08"," 21"," 12"
"2013 08 21 13",23,"2013"," 08"," 21"," 13"
"2013 08 21 14",14,"2013"," 08"," 21"," 14"
"2013 08 21 15",22,"2013"," 08"," 21"," 15"
"2013 08 21 16",9,"2013"," 08"," 21"," 16"
"2013 08 21 17",3,"2013"," 08"," 21"," 17"
"2013 08 21 18",15,"2013"," 08"," 21"," 18"
"2013 08 22 10",11,"2013"," 08"," 22"," 10"
"2013 08 22 11",17,"2013"," 08"," 22"," 11"
"2013 08 22 12",35,"2013"," 08"," 22"," 12"
"2013 08 22 13",23,"2013"," 08"," 22"," 13"
"2013 08 22 14",18,"2013"," 08"," 22"," 14"
"2013 08 22 15",7,"2013"," 08"," 22"," 15"
"2013 08 22 16",16,"2013"," 08"," 22"," 16"
"2013 08 22 17",9,"2013"," 08"," 22"," 17"
"2013 08 22 18",13,"2013"," 08"," 22"," 18"
"2013 08 22 19",12,"2013"," 08"," 22"," 19"
"2013 08 22 20",1,"2013"," 08"," 22"," 20"
"2013 08 23 08",2,"2013"," 08"," 23"," 08"
"2013 08 23 09",16,"2013"," 08"," 23"," 09"
"2013 08 23 10",23,"2013"," 08"," 23"," 10"
"2013 08 23 11",25,"2013"," 08"," 23"," 11"
"2013 08 23 12",14,"2013"," 08"," 23"," 12"
"2013 08 23 13",24,"2013"," 08"," 23"," 13"
"2013 08 23 14",24,"2013"," 08"," 23"," 14"
"2013 08 23 15",16,"2013"," 08"," 23"," 15"
"2013 08 23 16",15,"2013"," 08"," 23"," 16"
"2013 08 23 17",21,"2013"," 08"," 23"," 17"
"2013 08 23 18",11,"2013"," 08"," 23"," 18"
"2013 08 23 19",3,"2013"," 08"," 23"," 19"
"2013 08 23 20",1,"2013"," 08"," 23"," 20"
"2013 08 24 09",5,"2013"," 08"," 24"," 09"
"2013 08 24 10",9,"2013"," 08"," 24"," 10"
"2013 08 24 11",12,"2013"," 08"," 24"," 11"
"2013 08 24 12",6,"2013"," 08"," 24"," 12"
"2013 08 24 13",16,"2013"," 08"," 24"," 13"
"2013 08 24 14",3,"2013"," 08"," 24"," 14"
"2013 08 26 08",3,"2013"," 08"," 26"," 08"
"2013 08 26 09",9,"2013"," 08"," 26"," 09"
"2013 08 26 10",18,"2013"," 08"," 26"," 10"
"2013 08 26 11",7,"2013"," 08"," 26"," 11"
"2013 08 26 12",27,"2013"," 08"," 26"," 12"
"2013 08 26 13",16,"2013"," 08"," 26"," 13"
"2013 08 26 14",11,"2013"," 08"," 26"," 14"
"2013 08 26 15",17,"2013"," 08"," 26"," 15"
"2013 08 26 16",15,"2013"," 08"," 26"," 16"
"2013 08 26 17",15,"2013"," 08"," 26"," 17"
"2013 08 26 18",27,"2013"," 08"," 26"," 18"
"2013 08 26 19",11,"2013"," 08"," 26"," 19"
"2013 08 26 20",1,"2013"," 08"," 26"," 20"
"2013 08 27 10",4,"2013"," 08"," 27"," 10"
"2013 08 27 11",7,"2013"," 08"," 27"," 11"
"2013 08 27 12",34,"2013"," 08"," 27"," 12"
"2013 08 27 13",26,"2013"," 08"," 27"," 13"
"2013 08 27 14",28,"2013"," 08"," 27"," 14"
"2013 08 27 15",24,"2013"," 08"," 27"," 15"
"2013 08 27 16",16,"2013"," 08"," 27"," 16"
"2013 08 27 17",32,"2013"," 08"," 27"," 17"
"2013 08 27 18",23,"2013"," 08"," 27"," 18"
"2013 08 27 19",4,"2013"," 08"," 27"," 19"
"2013 08 28 08",5,"2013"," 08"," 28"," 08"
"2013 08 28 09",13,"2013"," 08"," 28"," 09"
"2013 08 28 10",12,"2013"," 08"," 28"," 10"
"2013 08 28 11",29,"2013"," 08"," 28"," 11"
"2013 08 28 12",16,"2013"," 08"," 28"," 12"
"2013 08 28 13",10,"2013"," 08"," 28"," 13"
"2013 08 28 14",7,"2013"," 08"," 28"," 14"
"2013 08 28 15",28,"2013"," 08"," 28"," 15"
"2013 08 28 16",8,"2013"," 08"," 28"," 16"
"2013 08 28 17",32,"2013"," 08"," 28"," 17"
"2013 08 28 18",26,"2013"," 08"," 28"," 18"
"2013 08 28 19",10,"2013"," 08"," 28"," 19"
"2013 08 29 09",10,"2013"," 08"," 29"," 09"
"2013 08 29 10",17,"2013"," 08"," 29"," 10"
"2013 08 29 11",12,"2013"," 08"," 29"," 11"
"2013 08 29 12",3,"2013"," 08"," 29"," 12"
"2013 08 29 13",23,"2013"," 08"," 29"," 13"
"2013 08 29 14",24,"2013"," 08"," 29"," 14"
"2013 08 29 15",38,"2013"," 08"," 29"," 15"
"2013 08 29 16",11,"2013"," 08"," 29"," 16"
"2013 08 29 17",19,"2013"," 08"," 29"," 17"
"2013 08 29 18",31,"2013"," 08"," 29"," 18"
"2013 08 29 19",16,"2013"," 08"," 29"," 19"
"2013 08 30 08",1,"2013"," 08"," 30"," 08"
"2013 08 30 09",8,"2013"," 08"," 30"," 09"
"2013 08 30 10",16,"2013"," 08"," 30"," 10"
"2013 08 30 11",20,"2013"," 08"," 30"," 11"
"2013 08 30 12",21,"2013"," 08"," 30"," 12"
"2013 08 30 13",27,"2013"," 08"," 30"," 13"
"2013 08 30 14",14,"2013"," 08"," 30"," 14"
"2013 08 30 15",23,"2013"," 08"," 30"," 15"
"2013 08 30 16",19,"2013"," 08"," 30"," 16"
"2013 08 30 17",18,"2013"," 08"," 30"," 17"
"2013 08 30 18",16,"2013"," 08"," 30"," 18"
"2013 08 30 19",3,"2013"," 08"," 30"," 19"
"2013 08 31 09",7,"2013"," 08"," 31"," 09"
"2013 08 31 10",11,"2013"," 08"," 31"," 10"
"2013 08 31 11",20,"2013"," 08"," 31"," 11"
"2013 08 31 12",7,"2013"," 08"," 31"," 12"
"2013 08 31 13",7,"2013"," 08"," 31"," 13"
"2013 08 31 14",2,"2013"," 08"," 31"," 14"
"2013 09 02 08",6,"2013"," 09"," 02"," 08"
"2013 09 02 09",2,"2013"," 09"," 02"," 09"
"2013 09 02 10",12,"2013"," 09"," 02"," 10"
"2013 09 02 11",29,"2013"," 09"," 02"," 11"
"2013 09 02 12",31,"2013"," 09"," 02"," 12"
"2013 09 02 13",20,"2013"," 09"," 02"," 13"
"2013 09 02 14",8,"2013"," 09"," 02"," 14"
"2013 09 02 15",14,"2013"," 09"," 02"," 15"
"2013 09 02 16",22,"2013"," 09"," 02"," 16"
"2013 09 02 17",17,"2013"," 09"," 02"," 17"
"2013 09 02 18",6,"2013"," 09"," 02"," 18"
"2013 09 02 19",4,"2013"," 09"," 02"," 19"
"2013 09 03 12",7,"2013"," 09"," 03"," 12"
"2013 09 03 13",8,"2013"," 09"," 03"," 13"
"2013 09 03 14",13,"2013"," 09"," 03"," 14"
"2013 09 03 15",12,"2013"," 09"," 03"," 15"
"2013 09 03 16",11,"2013"," 09"," 03"," 16"
"2013 09 03 17",12,"2013"," 09"," 03"," 17"
"2013 09 03 18",36,"2013"," 09"," 03"," 18"
"2013 09 03 19",5,"2013"," 09"," 03"," 19"
"2013 09 04 08",2,"2013"," 09"," 04"," 08"
"2013 09 04 09",15,"2013"," 09"," 04"," 09"
"2013 09 04 11",12,"2013"," 09"," 04"," 11"
"2013 09 04 12",12,"2013"," 09"," 04"," 12"
"2013 09 04 13",7,"2013"," 09"," 04"," 13"
"2013 09 04 14",25,"2013"," 09"," 04"," 14"
"2013 09 04 15",21,"2013"," 09"," 04"," 15"
"2013 09 04 16",9,"2013"," 09"," 04"," 16"
"2013 09 04 17",4,"2013"," 09"," 04"," 17"
"2013 09 04 18",10,"2013"," 09"," 04"," 18"
"2013 09 04 19",7,"2013"," 09"," 04"," 19"
"2013 09 05 08",2,"2013"," 09"," 05"," 08"
"2013 09 05 09",1,"2013"," 09"," 05"," 09"
"2013 09 05 10",1,"2013"," 09"," 05"," 10"
"2013 09 05 11",11,"2013"," 09"," 05"," 11"
"2013 09 05 12",5,"2013"," 09"," 05"," 12"
"2013 09 05 14",19,"2013"," 09"," 05"," 14"
"2013 09 05 15",23,"2013"," 09"," 05"," 15"
"2013 09 05 16",10,"2013"," 09"," 05"," 16"
"2013 09 05 17",8,"2013"," 09"," 05"," 17"
"2013 09 05 18",12,"2013"," 09"," 05"," 18"
"2013 09 05 19",4,"2013"," 09"," 05"," 19"
"2013 09 06 08",2,"2013"," 09"," 06"," 08"
"2013 09 06 09",18,"2013"," 09"," 06"," 09"
"2013 09 06 10",6,"2013"," 09"," 06"," 10"
"2013 09 06 11",10,"2013"," 09"," 06"," 11"
"2013 09 06 12",2,"2013"," 09"," 06"," 12"
"2013 09 06 13",40,"2013"," 09"," 06"," 13"
"2013 09 06 14",9,"2013"," 09"," 06"," 14"
"2013 09 06 16",15,"2013"," 09"," 06"," 16"
"2013 09 06 17",18,"2013"," 09"," 06"," 17"
"2013 09 06 18",7,"2013"," 09"," 06"," 18"
"2013 09 06 19",7,"2013"," 09"," 06"," 19"
"2013 09 07 09",9,"2013"," 09"," 07"," 09"
"2013 09 07 10",6,"2013"," 09"," 07"," 10"
"2013 09 07 11",15,"2013"," 09"," 07"," 11"
"2013 09 07 12",14,"2013"," 09"," 07"," 12"
"2013 09 07 13",24,"2013"," 09"," 07"," 13"
"2013 09 07 14",5,"2013"," 09"," 07"," 14"
"2013 09 09 08",1,"2013"," 09"," 09"," 08"
"2013 09 09 09",9,"2013"," 09"," 09"," 09"
"2013 09 09 10",8,"2013"," 09"," 09"," 10"
"2013 09 09 11",21,"2013"," 09"," 09"," 11"
"2013 09 09 12",24,"2013"," 09"," 09"," 12"
"2013 09 09 13",14,"2013"," 09"," 09"," 13"
"2013 09 09 14",10,"2013"," 09"," 09"," 14"
"2013 09 09 15",14,"2013"," 09"," 09"," 15"
"2013 09 09 16",10,"2013"," 09"," 09"," 16"
"2013 09 09 17",22,"2013"," 09"," 09"," 17"
"2013 09 09 18",10,"2013"," 09"," 09"," 18"
"2013 09 09 19",7,"2013"," 09"," 09"," 19"
"2013 09 10 09",12,"2013"," 09"," 10"," 09"
"2013 09 10 10",22,"2013"," 09"," 10"," 10"
"2013 09 10 11",5,"2013"," 09"," 10"," 11"
"2013 09 10 12",11,"2013"," 09"," 10"," 12"
"2013 09 10 13",6,"2013"," 09"," 10"," 13"
"2013 09 10 14",6,"2013"," 09"," 10"," 14"
"2013 09 10 15",16,"2013"," 09"," 10"," 15"
"2013 09 10 16",14,"2013"," 09"," 10"," 16"
"2013 09 10 17",15,"2013"," 09"," 10"," 17"
"2013 09 10 18",1,"2013"," 09"," 10"," 18"
"2013 09 10 19",9,"2013"," 09"," 10"," 19"
"2013 09 11 08",6,"2013"," 09"," 11"," 08"
"2013 09 11 09",9,"2013"," 09"," 11"," 09"
"2013 09 11 10",2,"2013"," 09"," 11"," 10"
"2013 09 11 11",7,"2013"," 09"," 11"," 11"
"2013 09 11 12",9,"2013"," 09"," 11"," 12"
"2013 09 11 13",4,"2013"," 09"," 11"," 13"
"2013 09 11 14",7,"2013"," 09"," 11"," 14"
"2013 09 11 15",9,"2013"," 09"," 11"," 15"
"2013 09 11 16",6,"2013"," 09"," 11"," 16"
"2013 09 11 17",12,"2013"," 09"," 11"," 17"
"2013 09 11 18",4,"2013"," 09"," 11"," 18"
"2013 09 11 19",14,"2013"," 09"," 11"," 19"
"2013 09 12 08",6,"2013"," 09"," 12"," 08"
"2013 09 12 09",6,"2013"," 09"," 12"," 09"
"2013 09 12 10",16,"2013"," 09"," 12"," 10"
"2013 09 12 11",16,"2013"," 09"," 12"," 11"
"2013 09 12 12",14,"2013"," 09"," 12"," 12"
"2013 09 12 13",5,"2013"," 09"," 12"," 13"
"2013 09 12 14",7,"2013"," 09"," 12"," 14"
"2013 09 12 15",17,"2013"," 09"," 12"," 15"
"2013 09 12 16",9,"2013"," 09"," 12"," 16"
"2013 09 12 17",13,"2013"," 09"," 12"," 17"
"2013 09 12 18",4,"2013"," 09"," 12"," 18"
"2013 09 12 19",14,"2013"," 09"," 12"," 19"
"2013 09 13 08",3,"2013"," 09"," 13"," 08"
"2013 09 13 09",10,"2013"," 09"," 13"," 09"
"2013 09 13 10",11,"2013"," 09"," 13"," 10"
"2013 09 13 11",11,"2013"," 09"," 13"," 11"
"2013 09 13 12",12,"2013"," 09"," 13"," 12"
"2013 09 13 13",18,"2013"," 09"," 13"," 13"
"2013 09 13 14",19,"2013"," 09"," 13"," 14"
"2013 09 13 15",7,"2013"," 09"," 13"," 15"
"2013 09 13 16",21,"2013"," 09"," 13"," 16"
"2013 09 13 17",13,"2013"," 09"," 13"," 17"
"2013 09 13 18",14,"2013"," 09"," 13"," 18"
"2013 09 13 19",12,"2013"," 09"," 13"," 19"
"2013 09 14 09",5,"2013"," 09"," 14"," 09"
"2013 09 14 10",7,"2013"," 09"," 14"," 10"
"2013 09 14 11",20,"2013"," 09"," 14"," 11"
"2013 09 14 12",13,"2013"," 09"," 14"," 12"
"2013 09 14 13",13,"2013"," 09"," 14"," 13"
"2013 09 14 14",2,"2013"," 09"," 14"," 14"
"2013 09 16 08",9,"2013"," 09"," 16"," 08"
"2013 09 16 09",15,"2013"," 09"," 16"," 09"
"2013 09 16 10",6,"2013"," 09"," 16"," 10"
"2013 09 16 11",15,"2013"," 09"," 16"," 11"
"2013 09 16 12",24,"2013"," 09"," 16"," 12"
"2013 09 16 13",21,"2013"," 09"," 16"," 13"
"2013 09 16 14",18,"2013"," 09"," 16"," 14"
"2013 09 16 15",25,"2013"," 09"," 16"," 15"
"2013 09 16 16",8,"2013"," 09"," 16"," 16"
"2013 09 16 17",9,"2013"," 09"," 16"," 17"
"2013 09 16 18",11,"2013"," 09"," 16"," 18"
"2013 09 16 19",1,"2013"," 09"," 16"," 19"
"2013 09 17 09",3,"2013"," 09"," 17"," 09"
"2013 09 17 10",5,"2013"," 09"," 17"," 10"
"2013 09 17 11",15,"2013"," 09"," 17"," 11"
"2013 09 17 12",17,"2013"," 09"," 17"," 12"
"2013 09 17 13",10,"2013"," 09"," 17"," 13"
"2013 09 17 14",1,"2013"," 09"," 17"," 14"
"2013 09 17 15",20,"2013"," 09"," 17"," 15"
"2013 09 17 16",12,"2013"," 09"," 17"," 16"
"2013 09 17 17",10,"2013"," 09"," 17"," 17"
"2013 09 17 18",15,"2013"," 09"," 17"," 18"
"2013 09 17 19",11,"2013"," 09"," 17"," 19"
"2013 09 18 08",3,"2013"," 09"," 18"," 08"
"2013 09 18 09",14,"2013"," 09"," 18"," 09"
"2013 09 18 10",1,"2013"," 09"," 18"," 10"
"2013 09 18 11",3,"2013"," 09"," 18"," 11"
"2013 09 18 13",6,"2013"," 09"," 18"," 13"
"2013 09 18 14",14,"2013"," 09"," 18"," 14"
"2013 09 18 15",21,"2013"," 09"," 18"," 15"
"2013 09 18 16",5,"2013"," 09"," 18"," 16"
"2013 09 18 17",20,"2013"," 09"," 18"," 17"
"2013 09 18 18",16,"2013"," 09"," 18"," 18"
"2013 09 18 19",3,"2013"," 09"," 18"," 19"
"2013 09 19 08",3,"2013"," 09"," 19"," 08"
"2013 09 19 09",12,"2013"," 09"," 19"," 09"
"2013 09 19 10",14,"2013"," 09"," 19"," 10"
"2013 09 19 11",31,"2013"," 09"," 19"," 11"
"2013 09 19 12",24,"2013"," 09"," 19"," 12"
"2013 09 19 13",3,"2013"," 09"," 19"," 13"
"2013 09 19 14",19,"2013"," 09"," 19"," 14"
"2013 09 19 15",23,"2013"," 09"," 19"," 15"
"2013 09 19 16",18,"2013"," 09"," 19"," 16"
"2013 09 19 17",22,"2013"," 09"," 19"," 17"
"2013 09 19 18",10,"2013"," 09"," 19"," 18"
"2013 09 19 19",4,"2013"," 09"," 19"," 19"
"2013 09 20 08",5,"2013"," 09"," 20"," 08"
"2013 09 20 09",11,"2013"," 09"," 20"," 09"
"2013 09 20 10",8,"2013"," 09"," 20"," 10"
"2013 09 20 11",15,"2013"," 09"," 20"," 11"
"2013 09 20 13",22,"2013"," 09"," 20"," 13"
"2013 09 20 14",14,"2013"," 09"," 20"," 14"
"2013 09 20 15",9,"2013"," 09"," 20"," 15"
"2013 09 20 16",23,"2013"," 09"," 20"," 16"
"2013 09 20 17",19,"2013"," 09"," 20"," 17"
"2013 09 20 18",8,"2013"," 09"," 20"," 18"
"2013 09 20 19",3,"2013"," 09"," 20"," 19"
"2013 09 21 10",18,"2013"," 09"," 21"," 10"
"2013 09 21 11",11,"2013"," 09"," 21"," 11"
"2013 09 21 12",14,"2013"," 09"," 21"," 12"
"2013 09 21 13",8,"2013"," 09"," 21"," 13"
"2013 09 23 08",6,"2013"," 09"," 23"," 08"
"2013 09 23 09",12,"2013"," 09"," 23"," 09"
"2013 09 23 10",15,"2013"," 09"," 23"," 10"
"2013 09 23 11",20,"2013"," 09"," 23"," 11"
"2013 09 23 12",21,"2013"," 09"," 23"," 12"
"2013 09 23 13",18,"2013"," 09"," 23"," 13"
"2013 09 23 14",11,"2013"," 09"," 23"," 14"
"2013 09 23 15",27,"2013"," 09"," 23"," 15"
"2013 09 23 16",11,"2013"," 09"," 23"," 16"
"2013 09 23 17",21,"2013"," 09"," 23"," 17"
"2013 09 23 18",9,"2013"," 09"," 23"," 18"
"2013 09 23 19",6,"2013"," 09"," 23"," 19"
"2013 09 24 08",6,"2013"," 09"," 24"," 08"
"2013 09 24 09",3,"2013"," 09"," 24"," 09"
"2013 09 24 10",17,"2013"," 09"," 24"," 10"
"2013 09 24 11",25,"2013"," 09"," 24"," 11"
"2013 09 24 12",30,"2013"," 09"," 24"," 12"
"2013 09 24 13",16,"2013"," 09"," 24"," 13"
"2013 09 24 14",24,"2013"," 09"," 24"," 14"
"2013 09 24 15",22,"2013"," 09"," 24"," 15"
"2013 09 24 16",24,"2013"," 09"," 24"," 16"
"2013 09 24 17",12,"2013"," 09"," 24"," 17"
"2013 09 24 18",15,"2013"," 09"," 24"," 18"
"2013 09 24 19",7,"2013"," 09"," 24"," 19"
"2013 09 25 08",14,"2013"," 09"," 25"," 08"
"2013 09 25 09",9,"2013"," 09"," 25"," 09"
"2013 09 25 10",9,"2013"," 09"," 25"," 10"
"2013 09 25 11",12,"2013"," 09"," 25"," 11"
"2013 09 25 12",16,"2013"," 09"," 25"," 12"
"2013 09 25 13",18,"2013"," 09"," 25"," 13"
"2013 09 25 14",14,"2013"," 09"," 25"," 14"
"2013 09 25 15",22,"2013"," 09"," 25"," 15"
"2013 09 25 16",25,"2013"," 09"," 25"," 16"
"2013 09 25 17",17,"2013"," 09"," 25"," 17"
"2013 09 25 18",11,"2013"," 09"," 25"," 18"
"2013 09 25 19",17,"2013"," 09"," 25"," 19"
"2013 09 26 08",8,"2013"," 09"," 26"," 08"
"2013 09 26 09",13,"2013"," 09"," 26"," 09"
"2013 09 26 10",15,"2013"," 09"," 26"," 10"
"2013 09 26 11",12,"2013"," 09"," 26"," 11"
"2013 09 26 12",25,"2013"," 09"," 26"," 12"
"2013 09 26 13",9,"2013"," 09"," 26"," 13"
"2013 09 26 14",19,"2013"," 09"," 26"," 14"
"2013 09 26 15",16,"2013"," 09"," 26"," 15"
"2013 09 26 16",9,"2013"," 09"," 26"," 16"
"2013 09 26 18",12,"2013"," 09"," 26"," 18"
"2013 09 26 19",2,"2013"," 09"," 26"," 19"
"2013 09 27 08",2,"2013"," 09"," 27"," 08"
"2013 09 27 09",2,"2013"," 09"," 27"," 09"
"2013 09 27 10",8,"2013"," 09"," 27"," 10"
"2013 09 27 11",11,"2013"," 09"," 27"," 11"
"2013 09 27 12",11,"2013"," 09"," 27"," 12"
"2013 09 27 13",23,"2013"," 09"," 27"," 13"
"2013 09 27 14",16,"2013"," 09"," 27"," 14"
"2013 09 27 15",15,"2013"," 09"," 27"," 15"
"2013 09 27 16",7,"2013"," 09"," 27"," 16"
"2013 09 27 17",12,"2013"," 09"," 27"," 17"
"2013 09 27 18",4,"2013"," 09"," 27"," 18"
"2013 09 27 19",2,"2013"," 09"," 27"," 19"
"2013 09 28 09",13,"2013"," 09"," 28"," 09"
"2013 09 28 10",6,"2013"," 09"," 28"," 10"
"2013 09 28 11",10,"2013"," 09"," 28"," 11"
"2013 09 28 12",18,"2013"," 09"," 28"," 12"
"2013 09 28 13",17,"2013"," 09"," 28"," 13"
"2013 09 28 14",1,"2013"," 09"," 28"," 14"
"2013 09 30 08",5,"2013"," 09"," 30"," 08"
"2013 09 30 09",20,"2013"," 09"," 30"," 09"
"2013 09 30 10",15,"2013"," 09"," 30"," 10"
"2013 09 30 11",16,"2013"," 09"," 30"," 11"
"2013 09 30 12",18,"2013"," 09"," 30"," 12"
"2013 09 30 13",22,"2013"," 09"," 30"," 13"
"2013 09 30 14",21,"2013"," 09"," 30"," 14"
"2013 09 30 15",17,"2013"," 09"," 30"," 15"
"2013 09 30 16",19,"2013"," 09"," 30"," 16"
"2013 09 30 17",10,"2013"," 09"," 30"," 17"
"2013 09 30 18",14,"2013"," 09"," 30"," 18"
"2013 09 30 19",1,"2013"," 09"," 30"," 19"
"2013 10 01 08",8,"2013"," 10"," 01"," 08"
"2013 10 01 09",8,"2013"," 10"," 01"," 09"
"2013 10 01 10",14,"2013"," 10"," 01"," 10"
"2013 10 01 11",13,"2013"," 10"," 01"," 11"
"2013 10 01 12",13,"2013"," 10"," 01"," 12"
"2013 10 01 13",8,"2013"," 10"," 01"," 13"
"2013 10 01 14",9,"2013"," 10"," 01"," 14"
"2013 10 01 15",19,"2013"," 10"," 01"," 15"
"2013 10 01 16",14,"2013"," 10"," 01"," 16"
"2013 10 01 17",15,"2013"," 10"," 01"," 17"
"2013 10 01 18",23,"2013"," 10"," 01"," 18"
"2013 10 01 19",12,"2013"," 10"," 01"," 19"
"2013 10 02 08",8,"2013"," 10"," 02"," 08"
"2013 10 02 09",7,"2013"," 10"," 02"," 09"
"2013 10 02 10",7,"2013"," 10"," 02"," 10"
"2013 10 02 11",16,"2013"," 10"," 02"," 11"
"2013 10 02 12",14,"2013"," 10"," 02"," 12"
"2013 10 02 13",13,"2013"," 10"," 02"," 13"
"2013 10 02 14",20,"2013"," 10"," 02"," 14"
"2013 10 02 15",21,"2013"," 10"," 02"," 15"
"2013 10 02 16",31,"2013"," 10"," 02"," 16"
"2013 10 02 17",13,"2013"," 10"," 02"," 17"
"2013 10 02 18",9,"2013"," 10"," 02"," 18"
"2013 10 02 19",7,"2013"," 10"," 02"," 19"
"2013 10 03 08",3,"2013"," 10"," 03"," 08"
"2013 10 03 09",15,"2013"," 10"," 03"," 09"
"2013 10 03 10",13,"2013"," 10"," 03"," 10"
"2013 10 03 11",2,"2013"," 10"," 03"," 11"
"2013 10 03 12",11,"2013"," 10"," 03"," 12"
"2013 10 03 13",6,"2013"," 10"," 03"," 13"
"2013 10 03 14",19,"2013"," 10"," 03"," 14"
"2013 10 03 15",22,"2013"," 10"," 03"," 15"
"2013 10 03 16",12,"2013"," 10"," 03"," 16"
"2013 10 03 17",4,"2013"," 10"," 03"," 17"
"2013 10 03 18",8,"2013"," 10"," 03"," 18"
"2013 10 03 19",3,"2013"," 10"," 03"," 19"
"2013 10 04 08",3,"2013"," 10"," 04"," 08"
"2013 10 04 09",6,"2013"," 10"," 04"," 09"
"2013 10 04 10",9,"2013"," 10"," 04"," 10"
"2013 10 04 11",22,"2013"," 10"," 04"," 11"
"2013 10 04 12",17,"2013"," 10"," 04"," 12"
"2013 10 04 13",13,"2013"," 10"," 04"," 13"
"2013 10 04 14",11,"2013"," 10"," 04"," 14"
"2013 10 04 15",15,"2013"," 10"," 04"," 15"
"2013 10 04 16",10,"2013"," 10"," 04"," 16"
"2013 10 04 17",13,"2013"," 10"," 04"," 17"
"2013 10 04 18",14,"2013"," 10"," 04"," 18"
"2013 10 04 19",5,"2013"," 10"," 04"," 19"
"2013 10 05 09",3,"2013"," 10"," 05"," 09"
"2013 10 05 10",11,"2013"," 10"," 05"," 10"
"2013 10 05 11",15,"2013"," 10"," 05"," 11"
"2013 10 05 12",26,"2013"," 10"," 05"," 12"
"2013 10 05 13",22,"2013"," 10"," 05"," 13"
"2013 10 05 14",8,"2013"," 10"," 05"," 14"
"2013 10 07 08",6,"2013"," 10"," 07"," 08"
"2013 10 07 10",26,"2013"," 10"," 07"," 10"
"2013 10 07 11",14,"2013"," 10"," 07"," 11"
"2013 10 07 12",15,"2013"," 10"," 07"," 12"
"2013 10 07 13",6,"2013"," 10"," 07"," 13"
"2013 10 07 14",14,"2013"," 10"," 07"," 14"
"2013 10 07 15",18,"2013"," 10"," 07"," 15"
"2013 10 07 16",22,"2013"," 10"," 07"," 16"
"2013 10 07 17",24,"2013"," 10"," 07"," 17"
"2013 10 07 18",21,"2013"," 10"," 07"," 18"
"2013 10 07 19",4,"2013"," 10"," 07"," 19"
"2013 10 08 08",6,"2013"," 10"," 08"," 08"
"2013 10 08 09",8,"2013"," 10"," 08"," 09"
"2013 10 08 10",18,"2013"," 10"," 08"," 10"
"2013 10 08 11",16,"2013"," 10"," 08"," 11"
"2013 10 08 12",21,"2013"," 10"," 08"," 12"
"2013 10 08 13",24,"2013"," 10"," 08"," 13"
"2013 10 08 14",11,"2013"," 10"," 08"," 14"
"2013 10 08 15",27,"2013"," 10"," 08"," 15"
"2013 10 08 16",23,"2013"," 10"," 08"," 16"
"2013 10 08 17",15,"2013"," 10"," 08"," 17"
"2013 10 08 18",49,"2013"," 10"," 08"," 18"
"2013 10 08 19",30,"2013"," 10"," 08"," 19"
"2013 10 09 08",6,"2013"," 10"," 09"," 08"
"2013 10 09 09",1,"2013"," 10"," 09"," 09"
"2013 10 09 10",20,"2013"," 10"," 09"," 10"
"2013 10 09 11",8,"2013"," 10"," 09"," 11"
"2013 10 09 12",15,"2013"," 10"," 09"," 12"
"2013 10 09 13",12,"2013"," 10"," 09"," 13"
"2013 10 09 14",11,"2013"," 10"," 09"," 14"
"2013 10 09 15",14,"2013"," 10"," 09"," 15"
"2013 10 09 16",12,"2013"," 10"," 09"," 16"
"2013 10 09 17",13,"2013"," 10"," 09"," 17"
"2013 10 09 18",15,"2013"," 10"," 09"," 18"
"2013 10 09 19",6,"2013"," 10"," 09"," 19"
"2013 10 09 20",1,"2013"," 10"," 09"," 20"
"2013 10 10 08",17,"2013"," 10"," 10"," 08"
"2013 10 10 09",18,"2013"," 10"," 10"," 09"
"2013 10 10 10",14,"2013"," 10"," 10"," 10"
"2013 10 10 11",25,"2013"," 10"," 10"," 11"
"2013 10 10 12",7,"2013"," 10"," 10"," 12"
"2013 10 10 13",19,"2013"," 10"," 10"," 13"
"2013 10 10 14",14,"2013"," 10"," 10"," 14"
"2013 10 10 15",15,"2013"," 10"," 10"," 15"
"2013 10 10 16",20,"2013"," 10"," 10"," 16"
"2013 10 10 17",10,"2013"," 10"," 10"," 17"
"2013 10 10 18",26,"2013"," 10"," 10"," 18"
"2013 10 10 19",6,"2013"," 10"," 10"," 19"
"2013 10 10 20",1,"2013"," 10"," 10"," 20"
"2013 10 11 08",11,"2013"," 10"," 11"," 08"
"2013 10 11 09",13,"2013"," 10"," 11"," 09"
"2013 10 11 10",9,"2013"," 10"," 11"," 10"
"2013 10 11 11",16,"2013"," 10"," 11"," 11"
"2013 10 11 12",22,"2013"," 10"," 11"," 12"
"2013 10 11 13",8,"2013"," 10"," 11"," 13"
"2013 10 11 14",14,"2013"," 10"," 11"," 14"
"2013 10 11 15",23,"2013"," 10"," 11"," 15"
"2013 10 11 16",17,"2013"," 10"," 11"," 16"
"2013 10 11 17",11,"2013"," 10"," 11"," 17"
"2013 10 11 18",9,"2013"," 10"," 11"," 18"
"2013 10 11 19",14,"2013"," 10"," 11"," 19"
"2013 10 11 20",1,"2013"," 10"," 11"," 20"
"2013 10 12 10",5,"2013"," 10"," 12"," 10"
"2013 10 12 11",7,"2013"," 10"," 12"," 11"
"2013 10 12 12",16,"2013"," 10"," 12"," 12"
"2013 10 12 13",13,"2013"," 10"," 12"," 13"
"2013 10 12 14",3,"2013"," 10"," 12"," 14"
"2013 10 14 08",3,"2013"," 10"," 14"," 08"
"2013 10 14 09",8,"2013"," 10"," 14"," 09"
"2013 10 14 10",19,"2013"," 10"," 14"," 10"
"2013 10 14 11",10,"2013"," 10"," 14"," 11"
"2013 10 14 12",4,"2013"," 10"," 14"," 12"
"2013 10 14 13",10,"2013"," 10"," 14"," 13"
"2013 10 14 14",14,"2013"," 10"," 14"," 14"
"2013 10 14 15",22,"2013"," 10"," 14"," 15"
"2013 10 14 16",22,"2013"," 10"," 14"," 16"
"2013 10 14 17",22,"2013"," 10"," 14"," 17"
"2013 10 14 18",26,"2013"," 10"," 14"," 18"
"2013 10 14 19",8,"2013"," 10"," 14"," 19"
"2013 10 15 08",6,"2013"," 10"," 15"," 08"
"2013 10 15 09",12,"2013"," 10"," 15"," 09"
"2013 10 15 10",8,"2013"," 10"," 15"," 10"
"2013 10 15 11",8,"2013"," 10"," 15"," 11"
"2013 10 15 12",19,"2013"," 10"," 15"," 12"
"2013 10 15 13",17,"2013"," 10"," 15"," 13"
"2013 10 15 14",27,"2013"," 10"," 15"," 14"
"2013 10 15 15",13,"2013"," 10"," 15"," 15"
"2013 10 15 16",5,"2013"," 10"," 15"," 16"
"2013 10 15 17",9,"2013"," 10"," 15"," 17"
"2013 10 15 18",34,"2013"," 10"," 15"," 18"
"2013 10 15 19",2,"2013"," 10"," 15"," 19"
"2013 10 15 20",1,"2013"," 10"," 15"," 20"
"2013 10 16 08",7,"2013"," 10"," 16"," 08"
"2013 10 16 09",11,"2013"," 10"," 16"," 09"
"2013 10 16 10",14,"2013"," 10"," 16"," 10"
"2013 10 16 11",7,"2013"," 10"," 16"," 11"
"2013 10 16 12",6,"2013"," 10"," 16"," 12"
"2013 10 16 13",21,"2013"," 10"," 16"," 13"
"2013 10 16 14",19,"2013"," 10"," 16"," 14"
"2013 10 16 15",9,"2013"," 10"," 16"," 15"
"2013 10 16 16",8,"2013"," 10"," 16"," 16"
"2013 10 16 17",6,"2013"," 10"," 16"," 17"
"2013 10 16 18",3,"2013"," 10"," 16"," 18"
"2013 10 17 08",1,"2013"," 10"," 17"," 08"
"2013 10 17 09",6,"2013"," 10"," 17"," 09"
"2013 10 17 10",7,"2013"," 10"," 17"," 10"
"2013 10 17 11",9,"2013"," 10"," 17"," 11"
"2013 10 17 12",15,"2013"," 10"," 17"," 12"
"2013 10 17 13",29,"2013"," 10"," 17"," 13"
"2013 10 17 14",14,"2013"," 10"," 17"," 14"
"2013 10 17 15",25,"2013"," 10"," 17"," 15"
"2013 10 17 16",24,"2013"," 10"," 17"," 16"
"2013 10 17 17",33,"2013"," 10"," 17"," 17"
"2013 10 17 18",5,"2013"," 10"," 17"," 18"
"2013 10 17 20",1,"2013"," 10"," 17"," 20"
"2013 10 18 08",7,"2013"," 10"," 18"," 08"
"2013 10 18 09",21,"2013"," 10"," 18"," 09"
"2013 10 18 10",16,"2013"," 10"," 18"," 10"
"2013 10 18 11",10,"2013"," 10"," 18"," 11"
"2013 10 18 12",11,"2013"," 10"," 18"," 12"
"2013 10 18 13",19,"2013"," 10"," 18"," 13"
"2013 10 18 14",11,"2013"," 10"," 18"," 14"
"2013 10 18 15",23,"2013"," 10"," 18"," 15"
"2013 10 18 16",22,"2013"," 10"," 18"," 16"
"2013 10 18 17",28,"2013"," 10"," 18"," 17"
"2013 10 18 18",12,"2013"," 10"," 18"," 18"
"2013 10 18 19",2,"2013"," 10"," 18"," 19"
"2013 10 19 09",4,"2013"," 10"," 19"," 09"
"2013 10 19 10",8,"2013"," 10"," 19"," 10"
"2013 10 19 11",16,"2013"," 10"," 19"," 11"
"2013 10 19 12",23,"2013"," 10"," 19"," 12"
"2013 10 19 13",26,"2013"," 10"," 19"," 13"
"2013 10 19 14",4,"2013"," 10"," 19"," 14"
"2013 10 21 08",14,"2013"," 10"," 21"," 08"
"2013 10 21 09",9,"2013"," 10"," 21"," 09"
"2013 10 21 10",5,"2013"," 10"," 21"," 10"
"2013 10 21 11",10,"2013"," 10"," 21"," 11"
"2013 10 21 12",16,"2013"," 10"," 21"," 12"
"2013 10 21 13",28,"2013"," 10"," 21"," 13"
"2013 10 21 14",20,"2013"," 10"," 21"," 14"
"2013 10 21 15",19,"2013"," 10"," 21"," 15"
"2013 10 21 16",17,"2013"," 10"," 21"," 16"
"2013 10 21 17",20,"2013"," 10"," 21"," 17"
"2013 10 21 18",8,"2013"," 10"," 21"," 18"
"2013 10 21 19",7,"2013"," 10"," 21"," 19"
"2013 10 22 09",12,"2013"," 10"," 22"," 09"
"2013 10 22 10",32,"2013"," 10"," 22"," 10"
"2013 10 22 11",20,"2013"," 10"," 22"," 11"
"2013 10 22 12",18,"2013"," 10"," 22"," 12"
"2013 10 22 13",9,"2013"," 10"," 22"," 13"
"2013 10 22 14",19,"2013"," 10"," 22"," 14"
"2013 10 22 15",23,"2013"," 10"," 22"," 15"
"2013 10 22 16",29,"2013"," 10"," 22"," 16"
"2013 10 22 17",22,"2013"," 10"," 22"," 17"
"2013 10 22 18",49,"2013"," 10"," 22"," 18"
"2013 10 22 19",12,"2013"," 10"," 22"," 19"
"2013 10 22 20",1,"2013"," 10"," 22"," 20"
"2013 10 23 08",8,"2013"," 10"," 23"," 08"
"2013 10 23 09",15,"2013"," 10"," 23"," 09"
"2013 10 23 10",16,"2013"," 10"," 23"," 10"
"2013 10 23 11",6,"2013"," 10"," 23"," 11"
"2013 10 23 12",13,"2013"," 10"," 23"," 12"
"2013 10 23 13",10,"2013"," 10"," 23"," 13"
"2013 10 23 14",17,"2013"," 10"," 23"," 14"
"2013 10 23 15",14,"2013"," 10"," 23"," 15"
"2013 10 23 16",20,"2013"," 10"," 23"," 16"
"2013 10 23 17",11,"2013"," 10"," 23"," 17"
"2013 10 23 18",26,"2013"," 10"," 23"," 18"
"2013 10 23 19",11,"2013"," 10"," 23"," 19"
"2013 10 24 08",4,"2013"," 10"," 24"," 08"
"2013 10 24 09",6,"2013"," 10"," 24"," 09"
"2013 10 24 10",8,"2013"," 10"," 24"," 10"
"2013 10 24 11",9,"2013"," 10"," 24"," 11"
"2013 10 24 12",9,"2013"," 10"," 24"," 12"
"2013 10 24 13",14,"2013"," 10"," 24"," 13"
"2013 10 24 14",8,"2013"," 10"," 24"," 14"
"2013 10 24 15",16,"2013"," 10"," 24"," 15"
"2013 10 24 16",15,"2013"," 10"," 24"," 16"
"2013 10 24 17",9,"2013"," 10"," 24"," 17"
"2013 10 24 18",10,"2013"," 10"," 24"," 18"
"2013 10 25 08",6,"2013"," 10"," 25"," 08"
"2013 10 25 09",9,"2013"," 10"," 25"," 09"
"2013 10 25 10",6,"2013"," 10"," 25"," 10"
"2013 10 25 11",17,"2013"," 10"," 25"," 11"
"2013 10 25 12",8,"2013"," 10"," 25"," 12"
"2013 10 25 13",2,"2013"," 10"," 25"," 13"
"2013 10 25 14",9,"2013"," 10"," 25"," 14"
"2013 10 25 15",21,"2013"," 10"," 25"," 15"
"2013 10 25 16",17,"2013"," 10"," 25"," 16"
"2013 10 25 17",24,"2013"," 10"," 25"," 17"
"2013 10 25 18",13,"2013"," 10"," 25"," 18"
"2013 10 25 19",1,"2013"," 10"," 25"," 19"
"2013 10 26 09",7,"2013"," 10"," 26"," 09"
"2013 10 26 10",14,"2013"," 10"," 26"," 10"
"2013 10 26 11",19,"2013"," 10"," 26"," 11"
"2013 10 26 12",10,"2013"," 10"," 26"," 12"
"2013 10 26 13",26,"2013"," 10"," 26"," 13"
"2013 10 26 14",1,"2013"," 10"," 26"," 14"
"2013 10 28 08",2,"2013"," 10"," 28"," 08"
"2013 10 28 09",18,"2013"," 10"," 28"," 09"
"2013 10 28 10",3,"2013"," 10"," 28"," 10"
"2013 10 28 11",10,"2013"," 10"," 28"," 11"
"2013 10 28 12",8,"2013"," 10"," 28"," 12"
"2013 10 28 13",22,"2013"," 10"," 28"," 13"
"2013 10 28 14",19,"2013"," 10"," 28"," 14"
"2013 10 28 15",10,"2013"," 10"," 28"," 15"
"2013 10 28 16",20,"2013"," 10"," 28"," 16"
"2013 10 28 17",14,"2013"," 10"," 28"," 17"
"2013 10 28 18",25,"2013"," 10"," 28"," 18"
"2013 10 28 19",1,"2013"," 10"," 28"," 19"
"2013 10 29 08",11,"2013"," 10"," 29"," 08"
"2013 10 29 09",12,"2013"," 10"," 29"," 09"
"2013 10 29 10",23,"2013"," 10"," 29"," 10"
"2013 10 29 11",13,"2013"," 10"," 29"," 11"
"2013 10 29 12",17,"2013"," 10"," 29"," 12"
"2013 10 29 13",11,"2013"," 10"," 29"," 13"
"2013 10 29 14",14,"2013"," 10"," 29"," 14"
"2013 10 29 15",14,"2013"," 10"," 29"," 15"
"2013 10 29 16",14,"2013"," 10"," 29"," 16"
"2013 10 29 17",13,"2013"," 10"," 29"," 17"
"2013 10 29 18",7,"2013"," 10"," 29"," 18"
"2013 10 29 19",13,"2013"," 10"," 29"," 19"
"2013 10 30 08",15,"2013"," 10"," 30"," 08"
"2013 10 30 09",4,"2013"," 10"," 30"," 09"
"2013 10 30 10",21,"2013"," 10"," 30"," 10"
"2013 10 30 11",19,"2013"," 10"," 30"," 11"
"2013 10 30 12",28,"2013"," 10"," 30"," 12"
"2013 10 30 13",18,"2013"," 10"," 30"," 13"
"2013 10 30 14",4,"2013"," 10"," 30"," 14"
"2013 10 30 15",14,"2013"," 10"," 30"," 15"
"2013 10 30 16",23,"2013"," 10"," 30"," 16"
"2013 10 30 17",4,"2013"," 10"," 30"," 17"
"2013 10 30 18",8,"2013"," 10"," 30"," 18"
"2013 10 30 19",5,"2013"," 10"," 30"," 19"
"2013 10 31 08",8,"2013"," 10"," 31"," 08"
"2013 10 31 09",16,"2013"," 10"," 31"," 09"
"2013 10 31 10",14,"2013"," 10"," 31"," 10"
"2013 10 31 11",18,"2013"," 10"," 31"," 11"
"2013 10 31 12",19,"2013"," 10"," 31"," 12"
"2013 10 31 13",14,"2013"," 10"," 31"," 13"
"2013 10 31 14",19,"2013"," 10"," 31"," 14"
"2013 10 31 15",8,"2013"," 10"," 31"," 15"
"2013 10 31 16",16,"2013"," 10"," 31"," 16"
"2013 10 31 17",15,"2013"," 10"," 31"," 17"
"2013 10 31 18",2,"2013"," 10"," 31"," 18"
"2013 10 31 19",2,"2013"," 10"," 31"," 19"
"2013 11 01 08",8,"2013"," 11"," 01"," 08"
"2013 11 01 09",3,"2013"," 11"," 01"," 09"
"2013 11 01 10",12,"2013"," 11"," 01"," 10"
"2013 11 01 11",18,"2013"," 11"," 01"," 11"
"2013 11 01 12",31,"2013"," 11"," 01"," 12"
"2013 11 01 13",10,"2013"," 11"," 01"," 13"
"2013 11 01 14",25,"2013"," 11"," 01"," 14"
"2013 11 01 15",7,"2013"," 11"," 01"," 15"
"2013 11 01 16",17,"2013"," 11"," 01"," 16"
"2013 11 01 17",31,"2013"," 11"," 01"," 17"
"2013 11 01 18",2,"2013"," 11"," 01"," 18"
"2013 11 01 19",13,"2013"," 11"," 01"," 19"
"2013 11 02 09",7,"2013"," 11"," 02"," 09"
"2013 11 02 10",14,"2013"," 11"," 02"," 10"
"2013 11 02 11",8,"2013"," 11"," 02"," 11"
"2013 11 02 12",19,"2013"," 11"," 02"," 12"
"2013 11 02 13",25,"2013"," 11"," 02"," 13"
"2013 11 02 14",3,"2013"," 11"," 02"," 14"
"2013 11 05 08",2,"2013"," 11"," 05"," 08"
"2013 11 05 09",19,"2013"," 11"," 05"," 09"
"2013 11 05 10",19,"2013"," 11"," 05"," 10"
"2013 11 05 11",4,"2013"," 11"," 05"," 11"
"2013 11 05 12",20,"2013"," 11"," 05"," 12"
"2013 11 05 13",16,"2013"," 11"," 05"," 13"
"2013 11 05 14",20,"2013"," 11"," 05"," 14"
"2013 11 05 15",19,"2013"," 11"," 05"," 15"
"2013 11 05 17",6,"2013"," 11"," 05"," 17"
"2013 11 05 18",17,"2013"," 11"," 05"," 18"
"2013 11 05 19",10,"2013"," 11"," 05"," 19"
"2013 11 06 08",3,"2013"," 11"," 06"," 08"
"2013 11 06 09",9,"2013"," 11"," 06"," 09"
"2013 11 06 10",4,"2013"," 11"," 06"," 10"
"2013 11 06 11",24,"2013"," 11"," 06"," 11"
"2013 11 06 12",11,"2013"," 11"," 06"," 12"
"2013 11 06 13",4,"2013"," 11"," 06"," 13"
"2013 11 06 14",23,"2013"," 11"," 06"," 14"
"2013 11 06 15",19,"2013"," 11"," 06"," 15"
"2013 11 06 16",17,"2013"," 11"," 06"," 16"
"2013 11 06 17",24,"2013"," 11"," 06"," 17"
"2013 11 06 18",9,"2013"," 11"," 06"," 18"
"2013 11 06 19",4,"2013"," 11"," 06"," 19"
"2013 11 07 08",2,"2013"," 11"," 07"," 08"
"2013 11 07 09",10,"2013"," 11"," 07"," 09"
"2013 11 07 10",14,"2013"," 11"," 07"," 10"
"2013 11 07 11",19,"2013"," 11"," 07"," 11"
"2013 11 07 12",11,"2013"," 11"," 07"," 12"
"2013 11 07 13",7,"2013"," 11"," 07"," 13"
"2013 11 07 14",17,"2013"," 11"," 07"," 14"
"2013 11 07 15",18,"2013"," 11"," 07"," 15"
"2013 11 07 16",46,"2013"," 11"," 07"," 16"
"2013 11 07 17",20,"2013"," 11"," 07"," 17"
"2013 11 07 18",18,"2013"," 11"," 07"," 18"
"2013 11 07 19",4,"2013"," 11"," 07"," 19"
"2013 11 08 08",2,"2013"," 11"," 08"," 08"
"2013 11 08 09",9,"2013"," 11"," 08"," 09"
"2013 11 08 10",10,"2013"," 11"," 08"," 10"
"2013 11 08 11",14,"2013"," 11"," 08"," 11"
"2013 11 08 12",13,"2013"," 11"," 08"," 12"
"2013 11 08 13",15,"2013"," 11"," 08"," 13"
"2013 11 08 14",13,"2013"," 11"," 08"," 14"
"2013 11 08 15",31,"2013"," 11"," 08"," 15"
"2013 11 08 16",16,"2013"," 11"," 08"," 16"
"2013 11 08 17",19,"2013"," 11"," 08"," 17"
"2013 11 08 18",12,"2013"," 11"," 08"," 18"
"2013 11 08 19",1,"2013"," 11"," 08"," 19"
"2013 11 09 09",8,"2013"," 11"," 09"," 09"
"2013 11 09 10",13,"2013"," 11"," 09"," 10"
"2013 11 09 11",23,"2013"," 11"," 09"," 11"
"2013 11 09 12",32,"2013"," 11"," 09"," 12"
"2013 11 09 13",10,"2013"," 11"," 09"," 13"
"2013 11 11 08",8,"2013"," 11"," 11"," 08"
"2013 11 11 09",10,"2013"," 11"," 11"," 09"
"2013 11 11 10",26,"2013"," 11"," 11"," 10"
"2013 11 11 11",11,"2013"," 11"," 11"," 11"
"2013 11 11 12",12,"2013"," 11"," 11"," 12"
"2013 11 11 13",28,"2013"," 11"," 11"," 13"
"2013 11 11 14",19,"2013"," 11"," 11"," 14"
"2013 11 11 15",11,"2013"," 11"," 11"," 15"
"2013 11 11 16",18,"2013"," 11"," 11"," 16"
"2013 11 11 17",9,"2013"," 11"," 11"," 17"
"2013 11 11 18",31,"2013"," 11"," 11"," 18"
"2013 11 11 19",4,"2013"," 11"," 11"," 19"
"2013 11 12 08",1,"2013"," 11"," 12"," 08"
"2013 11 12 09",18,"2013"," 11"," 12"," 09"
"2013 11 12 10",15,"2013"," 11"," 12"," 10"
"2013 11 12 11",15,"2013"," 11"," 12"," 11"
"2013 11 12 12",30,"2013"," 11"," 12"," 12"
"2013 11 12 13",17,"2013"," 11"," 12"," 13"
"2013 11 12 14",14,"2013"," 11"," 12"," 14"
"2013 11 12 15",14,"2013"," 11"," 12"," 15"
"2013 11 12 16",9,"2013"," 11"," 12"," 16"
"2013 11 12 17",12,"2013"," 11"," 12"," 17"
"2013 11 12 18",18,"2013"," 11"," 12"," 18"
"2013 11 12 19",7,"2013"," 11"," 12"," 19"
"2013 11 13 08",3,"2013"," 11"," 13"," 08"
"2013 11 13 09",17,"2013"," 11"," 13"," 09"
"2013 11 13 10",13,"2013"," 11"," 13"," 10"
"2013 11 13 11",11,"2013"," 11"," 13"," 11"
"2013 11 13 12",29,"2013"," 11"," 13"," 12"
"2013 11 13 13",27,"2013"," 11"," 13"," 13"
"2013 11 13 14",21,"2013"," 11"," 13"," 14"
"2013 11 13 15",33,"2013"," 11"," 13"," 15"
"2013 11 13 16",22,"2013"," 11"," 13"," 16"
"2013 11 13 17",26,"2013"," 11"," 13"," 17"
"2013 11 13 18",8,"2013"," 11"," 13"," 18"
"2013 11 13 19",2,"2013"," 11"," 13"," 19"
"2013 11 14 08",2,"2013"," 11"," 14"," 08"
"2013 11 14 09",6,"2013"," 11"," 14"," 09"
"2013 11 14 10",24,"2013"," 11"," 14"," 10"
"2013 11 14 11",18,"2013"," 11"," 14"," 11"
"2013 11 14 12",12,"2013"," 11"," 14"," 12"
"2013 11 14 13",11,"2013"," 11"," 14"," 13"
"2013 11 14 14",16,"2013"," 11"," 14"," 14"
"2013 11 14 15",27,"2013"," 11"," 14"," 15"
"2013 11 14 16",14,"2013"," 11"," 14"," 16"
"2013 11 14 17",9,"2013"," 11"," 14"," 17"
"2013 11 14 18",10,"2013"," 11"," 14"," 18"
"2013 11 14 19",8,"2013"," 11"," 14"," 19"
"2013 11 15 08",14,"2013"," 11"," 15"," 08"
"2013 11 15 09",22,"2013"," 11"," 15"," 09"
"2013 11 15 10",16,"2013"," 11"," 15"," 10"
"2013 11 15 11",35,"2013"," 11"," 15"," 11"
"2013 11 15 12",8,"2013"," 11"," 15"," 12"
"2013 11 15 13",23,"2013"," 11"," 15"," 13"
"2013 11 15 14",15,"2013"," 11"," 15"," 14"
"2013 11 15 15",11,"2013"," 11"," 15"," 15"
"2013 11 15 16",17,"2013"," 11"," 15"," 16"
"2013 11 15 17",12,"2013"," 11"," 15"," 17"
"2013 11 15 18",18,"2013"," 11"," 15"," 18"
"2013 11 15 19",10,"2013"," 11"," 15"," 19"
"2013 11 16 09",8,"2013"," 11"," 16"," 09"
"2013 11 16 10",8,"2013"," 11"," 16"," 10"
"2013 11 16 11",18,"2013"," 11"," 16"," 11"
"2013 11 16 12",17,"2013"," 11"," 16"," 12"
"2013 11 16 13",9,"2013"," 11"," 16"," 13"
"2013 11 16 14",1,"2013"," 11"," 16"," 14"
"2013 11 18 08",3,"2013"," 11"," 18"," 08"
"2013 11 18 09",17,"2013"," 11"," 18"," 09"
"2013 11 18 10",9,"2013"," 11"," 18"," 10"
"2013 11 18 11",10,"2013"," 11"," 18"," 11"
"2013 11 18 12",5,"2013"," 11"," 18"," 12"
"2013 11 18 13",17,"2013"," 11"," 18"," 13"
"2013 11 18 14",21,"2013"," 11"," 18"," 14"
"2013 11 18 15",8,"2013"," 11"," 18"," 15"
"2013 11 18 16",6,"2013"," 11"," 18"," 16"
"2013 11 18 17",10,"2013"," 11"," 18"," 17"
"2013 11 18 18",18,"2013"," 11"," 18"," 18"
"2013 11 18 19",5,"2013"," 11"," 18"," 19"
"2013 11 19 08",9,"2013"," 11"," 19"," 08"
"2013 11 19 09",21,"2013"," 11"," 19"," 09"
"2013 11 19 10",19,"2013"," 11"," 19"," 10"
"2013 11 19 11",5,"2013"," 11"," 19"," 11"
"2013 11 19 12",28,"2013"," 11"," 19"," 12"
"2013 11 19 13",24,"2013"," 11"," 19"," 13"
"2013 11 19 14",31,"2013"," 11"," 19"," 14"
"2013 11 19 15",24,"2013"," 11"," 19"," 15"
"2013 11 19 16",16,"2013"," 11"," 19"," 16"
"2013 11 19 17",17,"2013"," 11"," 19"," 17"
"2013 11 19 18",23,"2013"," 11"," 19"," 18"
"2013 11 19 19",5,"2013"," 11"," 19"," 19"
"2013 11 20 08",6,"2013"," 11"," 20"," 08"
"2013 11 20 09",15,"2013"," 11"," 20"," 09"
"2013 11 20 10",9,"2013"," 11"," 20"," 10"
"2013 11 20 11",18,"2013"," 11"," 20"," 11"
"2013 11 20 12",11,"2013"," 11"," 20"," 12"
"2013 11 20 13",31,"2013"," 11"," 20"," 13"
"2013 11 20 14",5,"2013"," 11"," 20"," 14"
"2013 11 20 15",18,"2013"," 11"," 20"," 15"
"2013 11 20 16",17,"2013"," 11"," 20"," 16"
"2013 11 20 17",9,"2013"," 11"," 20"," 17"
"2013 11 20 18",23,"2013"," 11"," 20"," 18"
"2013 11 20 19",3,"2013"," 11"," 20"," 19"
"2013 11 21 08",3,"2013"," 11"," 21"," 08"
"2013 11 21 10",13,"2013"," 11"," 21"," 10"
"2013 11 21 11",8,"2013"," 11"," 21"," 11"
"2013 11 21 12",23,"2013"," 11"," 21"," 12"
"2013 11 21 13",19,"2013"," 11"," 21"," 13"
"2013 11 21 14",30,"2013"," 11"," 21"," 14"
"2013 11 21 15",17,"2013"," 11"," 21"," 15"
"2013 11 21 16",12,"2013"," 11"," 21"," 16"
"2013 11 21 17",18,"2013"," 11"," 21"," 17"
"2013 11 21 18",17,"2013"," 11"," 21"," 18"
"2013 11 21 19",3,"2013"," 11"," 21"," 19"
"2013 11 22 08",4,"2013"," 11"," 22"," 08"
"2013 11 22 09",5,"2013"," 11"," 22"," 09"
"2013 11 22 10",16,"2013"," 11"," 22"," 10"
"2013 11 22 11",9,"2013"," 11"," 22"," 11"
"2013 11 22 12",20,"2013"," 11"," 22"," 12"
"2013 11 22 13",22,"2013"," 11"," 22"," 13"
"2013 11 22 14",25,"2013"," 11"," 22"," 14"
"2013 11 22 15",10,"2013"," 11"," 22"," 15"
"2013 11 22 16",11,"2013"," 11"," 22"," 16"
"2013 11 22 17",17,"2013"," 11"," 22"," 17"
"2013 11 22 18",6,"2013"," 11"," 22"," 18"
"2013 11 22 19",3,"2013"," 11"," 22"," 19"
"2013 11 23 09",7,"2013"," 11"," 23"," 09"
"2013 11 23 10",18,"2013"," 11"," 23"," 10"
"2013 11 23 11",15,"2013"," 11"," 23"," 11"
"2013 11 23 12",33,"2013"," 11"," 23"," 12"
"2013 11 23 13",20,"2013"," 11"," 23"," 13"
"2013 11 23 14",1,"2013"," 11"," 23"," 14"
"2013 11 25 08",9,"2013"," 11"," 25"," 08"
"2013 11 25 09",8,"2013"," 11"," 25"," 09"
"2013 11 25 10",13,"2013"," 11"," 25"," 10"
"2013 11 25 11",9,"2013"," 11"," 25"," 11"
"2013 11 25 12",27,"2013"," 11"," 25"," 12"
"2013 11 25 13",11,"2013"," 11"," 25"," 13"
"2013 11 25 14",11,"2013"," 11"," 25"," 14"
"2013 11 25 15",13,"2013"," 11"," 25"," 15"
"2013 11 25 16",31,"2013"," 11"," 25"," 16"
"2013 11 25 17",17,"2013"," 11"," 25"," 17"
"2013 11 25 18",17,"2013"," 11"," 25"," 18"
"2013 11 25 19",5,"2013"," 11"," 25"," 19"
"2013 11 25 20",1,"2013"," 11"," 25"," 20"
"2013 11 26 08",4,"2013"," 11"," 26"," 08"
"2013 11 26 09",2,"2013"," 11"," 26"," 09"
"2013 11 26 10",15,"2013"," 11"," 26"," 10"
"2013 11 26 11",26,"2013"," 11"," 26"," 11"
"2013 11 26 12",27,"2013"," 11"," 26"," 12"
"2013 11 26 13",22,"2013"," 11"," 26"," 13"
"2013 11 26 14",15,"2013"," 11"," 26"," 14"
"2013 11 26 15",25,"2013"," 11"," 26"," 15"
"2013 11 26 16",31,"2013"," 11"," 26"," 16"
"2013 11 26 17",13,"2013"," 11"," 26"," 17"
"2013 11 26 18",19,"2013"," 11"," 26"," 18"
"2013 11 26 19",15,"2013"," 11"," 26"," 19"
"2013 11 27 09",8,"2013"," 11"," 27"," 09"
"2013 11 27 10",3,"2013"," 11"," 27"," 10"
"2013 11 27 11",10,"2013"," 11"," 27"," 11"
"2013 11 27 12",16,"2013"," 11"," 27"," 12"
"2013 11 27 13",23,"2013"," 11"," 27"," 13"
"2013 11 27 14",29,"2013"," 11"," 27"," 14"
"2013 11 27 15",11,"2013"," 11"," 27"," 15"
"2013 11 27 16",24,"2013"," 11"," 27"," 16"
"2013 11 27 17",11,"2013"," 11"," 27"," 17"
"2013 11 27 18",18,"2013"," 11"," 27"," 18"
"2013 11 27 19",1,"2013"," 11"," 27"," 19"
"2013 11 28 08",17,"2013"," 11"," 28"," 08"
"2013 11 28 09",4,"2013"," 11"," 28"," 09"
"2013 11 28 10",12,"2013"," 11"," 28"," 10"
"2013 11 28 11",11,"2013"," 11"," 28"," 11"
"2013 11 28 12",15,"2013"," 11"," 28"," 12"
"2013 11 28 13",5,"2013"," 11"," 28"," 13"
"2013 11 28 14",18,"2013"," 11"," 28"," 14"
"2013 11 28 15",33,"2013"," 11"," 28"," 15"
"2013 11 28 16",19,"2013"," 11"," 28"," 16"
"2013 11 28 17",26,"2013"," 11"," 28"," 17"
"2013 11 28 18",8,"2013"," 11"," 28"," 18"
"2013 11 28 19",4,"2013"," 11"," 28"," 19"
"2013 11 29 08",6,"2013"," 11"," 29"," 08"
"2013 11 29 09",10,"2013"," 11"," 29"," 09"
"2013 11 29 10",12,"2013"," 11"," 29"," 10"
"2013 11 29 11",20,"2013"," 11"," 29"," 11"
"2013 11 29 12",16,"2013"," 11"," 29"," 12"
"2013 11 29 13",20,"2013"," 11"," 29"," 13"
"2013 11 29 14",19,"2013"," 11"," 29"," 14"
"2013 11 29 15",29,"2013"," 11"," 29"," 15"
"2013 11 29 16",31,"2013"," 11"," 29"," 16"
"2013 11 29 17",23,"2013"," 11"," 29"," 17"
"2013 11 29 18",18,"2013"," 11"," 29"," 18"
"2013 11 29 19",3,"2013"," 11"," 29"," 19"
"2013 11 30 09",20,"2013"," 11"," 30"," 09"
"2013 11 30 10",6,"2013"," 11"," 30"," 10"
"2013 11 30 11",9,"2013"," 11"," 30"," 11"
"2013 11 30 12",7,"2013"," 11"," 30"," 12"
"2013 11 30 13",29,"2013"," 11"," 30"," 13"
"2013 11 30 14",1,"2013"," 11"," 30"," 14"
"2013 12 02 08",4,"2013"," 12"," 02"," 08"
"2013 12 02 09",16,"2013"," 12"," 02"," 09"
"2013 12 02 10",19,"2013"," 12"," 02"," 10"
"2013 12 02 11",17,"2013"," 12"," 02"," 11"
"2013 12 02 12",22,"2013"," 12"," 02"," 12"
"2013 12 02 13",22,"2013"," 12"," 02"," 13"
"2013 12 02 14",31,"2013"," 12"," 02"," 14"
"2013 12 02 15",12,"2013"," 12"," 02"," 15"
"2013 12 02 16",10,"2013"," 12"," 02"," 16"
"2013 12 02 17",11,"2013"," 12"," 02"," 17"
"2013 12 02 18",14,"2013"," 12"," 02"," 18"
"2013 12 02 19",3,"2013"," 12"," 02"," 19"
"2013 12 03 09",14,"2013"," 12"," 03"," 09"
"2013 12 03 10",10,"2013"," 12"," 03"," 10"
"2013 12 03 11",12,"2013"," 12"," 03"," 11"
"2013 12 03 12",22,"2013"," 12"," 03"," 12"
"2013 12 03 13",16,"2013"," 12"," 03"," 13"
"2013 12 03 14",16,"2013"," 12"," 03"," 14"
"2013 12 03 15",25,"2013"," 12"," 03"," 15"
"2013 12 03 16",15,"2013"," 12"," 03"," 16"
"2013 12 03 17",23,"2013"," 12"," 03"," 17"
"2013 12 03 18",15,"2013"," 12"," 03"," 18"
"2013 12 03 19",5,"2013"," 12"," 03"," 19"
"2013 12 04 08",3,"2013"," 12"," 04"," 08"
"2013 12 04 09",6,"2013"," 12"," 04"," 09"
"2013 12 04 10",2,"2013"," 12"," 04"," 10"
"2013 12 04 11",7,"2013"," 12"," 04"," 11"
"2013 12 04 12",10,"2013"," 12"," 04"," 12"
"2013 12 04 13",22,"2013"," 12"," 04"," 13"
"2013 12 04 14",7,"2013"," 12"," 04"," 14"
"2013 12 04 15",44,"2013"," 12"," 04"," 15"
"2013 12 04 16",12,"2013"," 12"," 04"," 16"
"2013 12 04 17",20,"2013"," 12"," 04"," 17"
"2013 12 04 18",10,"2013"," 12"," 04"," 18"
"2013 12 04 19",7,"2013"," 12"," 04"," 19"
"2013 12 05 08",3,"2013"," 12"," 05"," 08"
"2013 12 05 09",6,"2013"," 12"," 05"," 09"
"2013 12 05 10",12,"2013"," 12"," 05"," 10"
"2013 12 05 11",21,"2013"," 12"," 05"," 11"
"2013 12 05 12",23,"2013"," 12"," 05"," 12"
"2013 12 05 13",26,"2013"," 12"," 05"," 13"
"2013 12 05 14",15,"2013"," 12"," 05"," 14"
"2013 12 05 15",8,"2013"," 12"," 05"," 15"
"2013 12 05 17",16,"2013"," 12"," 05"," 17"
"2013 12 05 18",16,"2013"," 12"," 05"," 18"
"2013 12 05 19",13,"2013"," 12"," 05"," 19"
"2013 12 06 08",9,"2013"," 12"," 06"," 08"
"2013 12 06 09",4,"2013"," 12"," 06"," 09"
"2013 12 06 10",21,"2013"," 12"," 06"," 10"
"2013 12 06 11",9,"2013"," 12"," 06"," 11"
"2013 12 06 12",22,"2013"," 12"," 06"," 12"
"2013 12 06 13",25,"2013"," 12"," 06"," 13"
"2013 12 06 14",11,"2013"," 12"," 06"," 14"
"2013 12 06 15",17,"2013"," 12"," 06"," 15"
"2013 12 06 16",23,"2013"," 12"," 06"," 16"
"2013 12 06 17",11,"2013"," 12"," 06"," 17"
"2013 12 06 18",9,"2013"," 12"," 06"," 18"
"2013 12 06 19",4,"2013"," 12"," 06"," 19"
"2013 12 07 09",10,"2013"," 12"," 07"," 09"
"2013 12 07 10",21,"2013"," 12"," 07"," 10"
"2013 12 07 11",21,"2013"," 12"," 07"," 11"
"2013 12 07 12",27,"2013"," 12"," 07"," 12"
"2013 12 07 13",24,"2013"," 12"," 07"," 13"
"2013 12 07 14",2,"2013"," 12"," 07"," 14"
"2013 12 09 08",8,"2013"," 12"," 09"," 08"
"2013 12 09 09",15,"2013"," 12"," 09"," 09"
"2013 12 09 10",28,"2013"," 12"," 09"," 10"
"2013 12 09 11",33,"2013"," 12"," 09"," 11"
"2013 12 09 12",22,"2013"," 12"," 09"," 12"
"2013 12 09 13",27,"2013"," 12"," 09"," 13"
"2013 12 09 14",11,"2013"," 12"," 09"," 14"
"2013 12 09 15",24,"2013"," 12"," 09"," 15"
"2013 12 09 16",34,"2013"," 12"," 09"," 16"
"2013 12 09 17",24,"2013"," 12"," 09"," 17"
"2013 12 09 18",12,"2013"," 12"," 09"," 18"
"2013 12 09 19",5,"2013"," 12"," 09"," 19"
"2013 12 10 08",3,"2013"," 12"," 10"," 08"
"2013 12 10 09",5,"2013"," 12"," 10"," 09"
"2013 12 10 10",21,"2013"," 12"," 10"," 10"
"2013 12 10 11",15,"2013"," 12"," 10"," 11"
"2013 12 10 12",22,"2013"," 12"," 10"," 12"
"2013 12 10 13",15,"2013"," 12"," 10"," 13"
"2013 12 10 14",19,"2013"," 12"," 10"," 14"
"2013 12 10 15",15,"2013"," 12"," 10"," 15"
"2013 12 10 16",16,"2013"," 12"," 10"," 16"
"2013 12 10 17",6,"2013"," 12"," 10"," 17"
"2013 12 10 18",8,"2013"," 12"," 10"," 18"
"2013 12 10 19",12,"2013"," 12"," 10"," 19"
"2013 12 11 08",3,"2013"," 12"," 11"," 08"
"2013 12 11 09",8,"2013"," 12"," 11"," 09"
"2013 12 11 10",24,"2013"," 12"," 11"," 10"
"2013 12 11 11",11,"2013"," 12"," 11"," 11"
"2013 12 11 12",6,"2013"," 12"," 11"," 12"
"2013 12 11 13",8,"2013"," 12"," 11"," 13"
"2013 12 11 14",12,"2013"," 12"," 11"," 14"
"2013 12 11 15",17,"2013"," 12"," 11"," 15"
"2013 12 11 16",23,"2013"," 12"," 11"," 16"
"2013 12 11 17",36,"2013"," 12"," 11"," 17"
"2013 12 11 18",15,"2013"," 12"," 11"," 18"
"2013 12 11 19",7,"2013"," 12"," 11"," 19"
"2013 12 12 08",3,"2013"," 12"," 12"," 08"
"2013 12 12 09",12,"2013"," 12"," 12"," 09"
"2013 12 12 10",19,"2013"," 12"," 12"," 10"
"2013 12 12 11",13,"2013"," 12"," 12"," 11"
"2013 12 12 12",22,"2013"," 12"," 12"," 12"
"2013 12 12 13",7,"2013"," 12"," 12"," 13"
"2013 12 12 14",8,"2013"," 12"," 12"," 14"
"2013 12 12 15",17,"2013"," 12"," 12"," 15"
"2013 12 12 16",12,"2013"," 12"," 12"," 16"
"2013 12 12 17",24,"2013"," 12"," 12"," 17"
"2013 12 12 18",12,"2013"," 12"," 12"," 18"
"2013 12 12 19",4,"2013"," 12"," 12"," 19"
"2013 12 13 09",6,"2013"," 12"," 13"," 09"
"2013 12 13 10",14,"2013"," 12"," 13"," 10"
"2013 12 13 11",24,"2013"," 12"," 13"," 11"
"2013 12 13 12",26,"2013"," 12"," 13"," 12"
"2013 12 13 13",22,"2013"," 12"," 13"," 13"
"2013 12 13 14",14,"2013"," 12"," 13"," 14"
"2013 12 13 15",26,"2013"," 12"," 13"," 15"
"2013 12 13 16",15,"2013"," 12"," 13"," 16"
"2013 12 13 17",5,"2013"," 12"," 13"," 17"
"2013 12 13 18",7,"2013"," 12"," 13"," 18"
"2013 12 13 19",3,"2013"," 12"," 13"," 19"
"2013 12 14 09",15,"2013"," 12"," 14"," 09"
"2013 12 14 10",12,"2013"," 12"," 14"," 10"
"2013 12 14 11",9,"2013"," 12"," 14"," 11"
"2013 12 14 12",20,"2013"," 12"," 14"," 12"
"2013 12 14 13",11,"2013"," 12"," 14"," 13"
"2013 12 14 14",2,"2013"," 12"," 14"," 14"
"2014 02 03 12",3,"2014"," 02"," 03"," 12"
"2014 02 10 17",1,"2014"," 02"," 10"," 17"
"2014 02 10 19",1,"2014"," 02"," 10"," 19"
"2014 03 11 16",2,"2014"," 03"," 11"," 16"
"2014 03 11 18",1,"2014"," 03"," 11"," 18"
"2014 04 24 15",5,"2014"," 04"," 24"," 15"
"2014 04 24 16",29,"2014"," 04"," 24"," 16"
"2014 04 24 17",21,"2014"," 04"," 24"," 17"
"2014 04 24 18",23,"2014"," 04"," 24"," 18"
"2014 04 24 19",5,"2014"," 04"," 24"," 19"
"2014 04 25 08",12,"2014"," 04"," 25"," 08"
"2014 04 25 09",33,"2014"," 04"," 25"," 09"
"2014 04 25 10",30,"2014"," 04"," 25"," 10"
"2014 04 25 11",28,"2014"," 04"," 25"," 11"
"2014 04 25 12",26,"2014"," 04"," 25"," 12"
"2014 04 25 13",30,"2014"," 04"," 25"," 13"
"2014 04 25 14",26,"2014"," 04"," 25"," 14"
"2014 04 25 15",15,"2014"," 04"," 25"," 15"
"2014 04 25 16",23,"2014"," 04"," 25"," 16"
"2014 04 25 17",17,"2014"," 04"," 25"," 17"
"2014 04 25 18",9,"2014"," 04"," 25"," 18"
"2014 04 26 09",17,"2014"," 04"," 26"," 09"
"2014 04 26 10",8,"2014"," 04"," 26"," 10"
"2014 04 26 11",22,"2014"," 04"," 26"," 11"
"2014 04 26 12",25,"2014"," 04"," 26"," 12"
"2014 04 26 13",22,"2014"," 04"," 26"," 13"
"2014 04 28 08",8,"2014"," 04"," 28"," 08"
"2014 04 28 09",11,"2014"," 04"," 28"," 09"
"2014 04 28 10",28,"2014"," 04"," 28"," 10"
"2014 04 28 11",19,"2014"," 04"," 28"," 11"
"2014 04 28 12",19,"2014"," 04"," 28"," 12"
"2014 04 28 13",33,"2014"," 04"," 28"," 13"
"2014 04 28 14",12,"2014"," 04"," 28"," 14"
"2014 04 28 15",22,"2014"," 04"," 28"," 15"
"2014 04 28 16",14,"2014"," 04"," 28"," 16"
"2014 04 28 17",19,"2014"," 04"," 28"," 17"
"2014 04 28 18",9,"2014"," 04"," 28"," 18"
"2014 04 28 19",6,"2014"," 04"," 28"," 19"
"2014 04 29 08",6,"2014"," 04"," 29"," 08"
"2014 04 29 09",19,"2014"," 04"," 29"," 09"
"2014 04 29 10",13,"2014"," 04"," 29"," 10"
"2014 04 29 11",10,"2014"," 04"," 29"," 11"
"2014 04 29 12",16,"2014"," 04"," 29"," 12"
"2014 04 29 13",31,"2014"," 04"," 29"," 13"
"2014 04 29 14",15,"2014"," 04"," 29"," 14"
"2014 04 29 15",26,"2014"," 04"," 29"," 15"
"2014 04 29 16",24,"2014"," 04"," 29"," 16"
"2014 04 29 17",14,"2014"," 04"," 29"," 17"
"2014 04 29 18",10,"2014"," 04"," 29"," 18"
"2014 04 29 19",12,"2014"," 04"," 29"," 19"
"2014 04 30 08",6,"2014"," 04"," 30"," 08"
"2014 04 30 09",10,"2014"," 04"," 30"," 09"
"2014 04 30 10",19,"2014"," 04"," 30"," 10"
"2014 04 30 11",23,"2014"," 04"," 30"," 11"
"2014 04 30 12",15,"2014"," 04"," 30"," 12"
"2014 04 30 13",17,"2014"," 04"," 30"," 13"
"2014 04 30 14",18,"2014"," 04"," 30"," 14"
"2014 04 30 15",14,"2014"," 04"," 30"," 15"
"2014 04 30 16",17,"2014"," 04"," 30"," 16"
"2014 04 30 17",24,"2014"," 04"," 30"," 17"
"2014 04 30 18",27,"2014"," 04"," 30"," 18"
"2014 05 04 09",9,"2014"," 05"," 04"," 09"
"2014 05 04 10",5,"2014"," 05"," 04"," 10"
"2014 05 04 11",4,"2014"," 05"," 04"," 11"
"2014 05 05 08",5,"2014"," 05"," 05"," 08"
"2014 05 05 09",19,"2014"," 05"," 05"," 09"
"2014 05 05 10",29,"2014"," 05"," 05"," 10"
"2014 05 05 11",26,"2014"," 05"," 05"," 11"
"2014 05 05 12",27,"2014"," 05"," 05"," 12"
"2014 05 05 13",43,"2014"," 05"," 05"," 13"
"2014 05 05 14",50,"2014"," 05"," 05"," 14"
"2014 05 05 15",23,"2014"," 05"," 05"," 15"
"2014 05 05 16",21,"2014"," 05"," 05"," 16"
"2014 05 05 17",23,"2014"," 05"," 05"," 17"
"2014 05 05 18",40,"2014"," 05"," 05"," 18"
"2014 05 05 19",9,"2014"," 05"," 05"," 19"
"2014 05 06 08",3,"2014"," 05"," 06"," 08"
"2014 05 06 09",15,"2014"," 05"," 06"," 09"
"2014 05 06 10",13,"2014"," 05"," 06"," 10"
"2014 05 06 11",13,"2014"," 05"," 06"," 11"
"2014 05 06 12",37,"2014"," 05"," 06"," 12"
"2014 05 06 13",30,"2014"," 05"," 06"," 13"
"2014 05 06 14",16,"2014"," 05"," 06"," 14"
"2014 05 06 15",10,"2014"," 05"," 06"," 15"
"2014 05 06 16",43,"2014"," 05"," 06"," 16"
"2014 05 06 17",22,"2014"," 05"," 06"," 17"
"2014 05 06 18",20,"2014"," 05"," 06"," 18"
"2014 05 06 19",9,"2014"," 05"," 06"," 19"
"2014 05 07 08",14,"2014"," 05"," 07"," 08"
"2014 05 07 09",6,"2014"," 05"," 07"," 09"
"2014 05 07 10",30,"2014"," 05"," 07"," 10"
"2014 05 07 11",24,"2014"," 05"," 07"," 11"
"2014 05 07 12",9,"2014"," 05"," 07"," 12"
"2014 05 07 13",37,"2014"," 05"," 07"," 13"
"2014 05 07 14",19,"2014"," 05"," 07"," 14"
"2014 05 07 15",22,"2014"," 05"," 07"," 15"
"2014 05 07 16",32,"2014"," 05"," 07"," 16"
"2014 05 07 17",41,"2014"," 05"," 07"," 17"
"2014 05 07 18",20,"2014"," 05"," 07"," 18"
"2014 05 07 19",10,"2014"," 05"," 07"," 19"
"2014 05 08 08",3,"2014"," 05"," 08"," 08"
"2014 05 08 09",12,"2014"," 05"," 08"," 09"
"2014 05 08 10",6,"2014"," 05"," 08"," 10"
"2014 05 08 11",23,"2014"," 05"," 08"," 11"
"2014 05 08 12",18,"2014"," 05"," 08"," 12"
"2014 05 08 13",29,"2014"," 05"," 08"," 13"
"2014 05 08 14",44,"2014"," 05"," 08"," 14"
"2014 05 08 15",19,"2014"," 05"," 08"," 15"
"2014 05 08 16",22,"2014"," 05"," 08"," 16"
"2014 05 08 17",19,"2014"," 05"," 08"," 17"
"2014 05 08 18",7,"2014"," 05"," 08"," 18"
"2014 05 11 09",3,"2014"," 05"," 11"," 09"
"2014 05 11 11",2,"2014"," 05"," 11"," 11"
"2014 05 11 12",1,"2014"," 05"," 11"," 12"
"2014 05 12 08",3,"2014"," 05"," 12"," 08"
"2014 05 12 09",14,"2014"," 05"," 12"," 09"
"2014 05 12 10",25,"2014"," 05"," 12"," 10"
"2014 05 12 11",24,"2014"," 05"," 12"," 11"
"2014 05 12 12",26,"2014"," 05"," 12"," 12"
"2014 05 12 13",16,"2014"," 05"," 12"," 13"
"2014 05 12 14",28,"2014"," 05"," 12"," 14"
"2014 05 12 15",37,"2014"," 05"," 12"," 15"
"2014 05 12 16",23,"2014"," 05"," 12"," 16"
"2014 05 12 17",36,"2014"," 05"," 12"," 17"
"2014 05 12 18",11,"2014"," 05"," 12"," 18"
"2014 05 12 19",3,"2014"," 05"," 12"," 19"
"2014 05 13 08",5,"2014"," 05"," 13"," 08"
"2014 05 13 09",11,"2014"," 05"," 13"," 09"
"2014 05 13 10",14,"2014"," 05"," 13"," 10"
"2014 05 13 11",11,"2014"," 05"," 13"," 11"
"2014 05 13 12",23,"2014"," 05"," 13"," 12"
"2014 05 13 13",19,"2014"," 05"," 13"," 13"
"2014 05 13 14",16,"2014"," 05"," 13"," 14"
"2014 05 13 15",26,"2014"," 05"," 13"," 15"
"2014 05 13 16",31,"2014"," 05"," 13"," 16"
"2014 05 13 17",20,"2014"," 05"," 13"," 17"
"2014 05 13 18",16,"2014"," 05"," 13"," 18"
"2014 05 13 19",12,"2014"," 05"," 13"," 19"
"2014 05 14 08",13,"2014"," 05"," 14"," 08"
"2014 05 14 09",17,"2014"," 05"," 14"," 09"
"2014 05 14 10",10,"2014"," 05"," 14"," 10"
"2014 05 14 11",20,"2014"," 05"," 14"," 11"
"2014 05 14 12",17,"2014"," 05"," 14"," 12"
"2014 05 14 13",20,"2014"," 05"," 14"," 13"
"2014 05 14 14",26,"2014"," 05"," 14"," 14"
"2014 05 14 15",26,"2014"," 05"," 14"," 15"
"2014 05 14 16",16,"2014"," 05"," 14"," 16"
"2014 05 14 17",11,"2014"," 05"," 14"," 17"
"2014 05 14 18",14,"2014"," 05"," 14"," 18"
"2014 05 14 19",5,"2014"," 05"," 14"," 19"
"2014 05 15 08",8,"2014"," 05"," 15"," 08"
"2014 05 15 09",27,"2014"," 05"," 15"," 09"
"2014 05 15 10",9,"2014"," 05"," 15"," 10"
"2014 05 15 11",16,"2014"," 05"," 15"," 11"
"2014 05 15 12",24,"2014"," 05"," 15"," 12"
"2014 05 15 13",17,"2014"," 05"," 15"," 13"
"2014 05 15 14",13,"2014"," 05"," 15"," 14"
"2014 05 15 15",11,"2014"," 05"," 15"," 15"
"2014 05 15 16",15,"2014"," 05"," 15"," 16"
"2014 05 15 17",36,"2014"," 05"," 15"," 17"
"2014 05 15 18",15,"2014"," 05"," 15"," 18"
"2014 05 15 19",7,"2014"," 05"," 15"," 19"
"2014 05 16 08",4,"2014"," 05"," 16"," 08"
"2014 05 16 09",6,"2014"," 05"," 16"," 09"
"2014 05 16 10",22,"2014"," 05"," 16"," 10"
"2014 05 16 11",12,"2014"," 05"," 16"," 11"
"2014 05 16 12",19,"2014"," 05"," 16"," 12"
"2014 05 16 13",24,"2014"," 05"," 16"," 13"
"2014 05 16 14",29,"2014"," 05"," 16"," 14"
"2014 05 16 15",23,"2014"," 05"," 16"," 15"
"2014 05 16 16",31,"2014"," 05"," 16"," 16"
"2014 05 16 17",4,"2014"," 05"," 16"," 17"
"2014 05 16 18",10,"2014"," 05"," 16"," 18"
"2014 05 16 19",2,"2014"," 05"," 16"," 19"
"2014 05 17 10",14,"2014"," 05"," 17"," 10"
"2014 05 17 11",36,"2014"," 05"," 17"," 11"
"2014 05 17 12",12,"2014"," 05"," 17"," 12"
"2014 05 17 13",10,"2014"," 05"," 17"," 13"
"2014 05 19 08",11,"2014"," 05"," 19"," 08"
"2014 05 19 09",9,"2014"," 05"," 19"," 09"
"2014 05 19 10",27,"2014"," 05"," 19"," 10"
"2014 05 19 11",19,"2014"," 05"," 19"," 11"
"2014 05 19 12",26,"2014"," 05"," 19"," 12"
"2014 05 19 13",22,"2014"," 05"," 19"," 13"
"2014 05 19 14",39,"2014"," 05"," 19"," 14"
"2014 05 19 15",29,"2014"," 05"," 19"," 15"
"2014 05 19 16",12,"2014"," 05"," 19"," 16"
"2014 05 19 17",26,"2014"," 05"," 19"," 17"
"2014 05 19 18",15,"2014"," 05"," 19"," 18"
"2014 05 19 19",13,"2014"," 05"," 19"," 19"
"2014 05 19 20",1,"2014"," 05"," 19"," 20"
"2014 05 20 08",3,"2014"," 05"," 20"," 08"
"2014 05 20 09",16,"2014"," 05"," 20"," 09"
"2014 05 20 10",13,"2014"," 05"," 20"," 10"
"2014 05 20 11",22,"2014"," 05"," 20"," 11"
"2014 05 20 12",7,"2014"," 05"," 20"," 12"
"2014 05 20 13",17,"2014"," 05"," 20"," 13"
"2014 05 20 14",22,"2014"," 05"," 20"," 14"
"2014 05 20 15",13,"2014"," 05"," 20"," 15"
"2014 05 20 16",28,"2014"," 05"," 20"," 16"
"2014 05 20 17",19,"2014"," 05"," 20"," 17"
"2014 05 20 18",15,"2014"," 05"," 20"," 18"
"2014 05 20 19",3,"2014"," 05"," 20"," 19"
"2014 05 21 08",6,"2014"," 05"," 21"," 08"
"2014 05 21 09",9,"2014"," 05"," 21"," 09"
"2014 05 21 10",26,"2014"," 05"," 21"," 10"
"2014 05 21 11",26,"2014"," 05"," 21"," 11"
"2014 05 21 12",14,"2014"," 05"," 21"," 12"
"2014 05 21 13",25,"2014"," 05"," 21"," 13"
"2014 05 21 14",24,"2014"," 05"," 21"," 14"
"2014 05 21 15",20,"2014"," 05"," 21"," 15"
"2014 05 21 16",19,"2014"," 05"," 21"," 16"
"2014 05 21 17",9,"2014"," 05"," 21"," 17"
"2014 05 21 18",26,"2014"," 05"," 21"," 18"
"2014 05 21 19",3,"2014"," 05"," 21"," 19"
"2014 05 22 08",3,"2014"," 05"," 22"," 08"
"2014 05 22 09",3,"2014"," 05"," 22"," 09"
"2014 05 22 10",12,"2014"," 05"," 22"," 10"
"2014 05 22 11",4,"2014"," 05"," 22"," 11"
"2014 05 22 12",17,"2014"," 05"," 22"," 12"
"2014 05 22 13",13,"2014"," 05"," 22"," 13"
"2014 05 22 14",11,"2014"," 05"," 22"," 14"
"2014 05 22 15",18,"2014"," 05"," 22"," 15"
"2014 05 22 16",10,"2014"," 05"," 22"," 16"
"2014 05 22 17",16,"2014"," 05"," 22"," 17"
"2014 05 22 18",10,"2014"," 05"," 22"," 18"
"2014 05 22 19",3,"2014"," 05"," 22"," 19"
"2014 05 23 09",12,"2014"," 05"," 23"," 09"
"2014 05 23 10",13,"2014"," 05"," 23"," 10"
"2014 05 23 11",15,"2014"," 05"," 23"," 11"
"2014 05 23 12",11,"2014"," 05"," 23"," 12"
"2014 05 23 13",17,"2014"," 05"," 23"," 13"
"2014 05 23 14",21,"2014"," 05"," 23"," 14"
"2014 05 23 15",10,"2014"," 05"," 23"," 15"
"2014 05 23 16",18,"2014"," 05"," 23"," 16"
"2014 05 23 17",23,"2014"," 05"," 23"," 17"
"2014 05 23 18",5,"2014"," 05"," 23"," 18"
"2014 05 23 19",5,"2014"," 05"," 23"," 19"
"2014 05 24 09",5,"2014"," 05"," 24"," 09"
"2014 05 24 10",12,"2014"," 05"," 24"," 10"
"2014 05 24 11",18,"2014"," 05"," 24"," 11"
"2014 05 24 12",27,"2014"," 05"," 24"," 12"
"2014 05 24 13",20,"2014"," 05"," 24"," 13"
"2014 05 24 14",2,"2014"," 05"," 24"," 14"
"2014 05 26 08",3,"2014"," 05"," 26"," 08"
"2014 05 26 09",12,"2014"," 05"," 26"," 09"
"2014 05 26 10",18,"2014"," 05"," 26"," 10"
"2014 05 26 11",11,"2014"," 05"," 26"," 11"
"2014 05 26 12",17,"2014"," 05"," 26"," 12"
"2014 05 26 13",18,"2014"," 05"," 26"," 13"
"2014 05 26 14",11,"2014"," 05"," 26"," 14"
"2014 05 26 15",10,"2014"," 05"," 26"," 15"
"2014 05 26 16",12,"2014"," 05"," 26"," 16"
"2014 05 26 17",25,"2014"," 05"," 26"," 17"
"2014 05 26 18",29,"2014"," 05"," 26"," 18"
"2014 05 26 19",7,"2014"," 05"," 26"," 19"
"2014 05 27 08",6,"2014"," 05"," 27"," 08"
"2014 05 27 09",18,"2014"," 05"," 27"," 09"
"2014 05 27 10",15,"2014"," 05"," 27"," 10"
"2014 05 27 11",18,"2014"," 05"," 27"," 11"
"2014 05 27 12",19,"2014"," 05"," 27"," 12"
"2014 05 27 13",14,"2014"," 05"," 27"," 13"
"2014 05 27 14",5,"2014"," 05"," 27"," 14"
"2014 05 27 15",12,"2014"," 05"," 27"," 15"
"2014 05 27 16",20,"2014"," 05"," 27"," 16"
"2014 05 27 17",7,"2014"," 05"," 27"," 17"
"2014 05 27 18",7,"2014"," 05"," 27"," 18"
"2014 05 27 19",9,"2014"," 05"," 27"," 19"
"2014 05 28 08",2,"2014"," 05"," 28"," 08"
"2014 05 28 09",18,"2014"," 05"," 28"," 09"
"2014 05 28 10",9,"2014"," 05"," 28"," 10"
"2014 05 28 11",24,"2014"," 05"," 28"," 11"
"2014 05 28 12",32,"2014"," 05"," 28"," 12"
"2014 05 28 13",21,"2014"," 05"," 28"," 13"
"2014 05 28 14",14,"2014"," 05"," 28"," 14"
"2014 05 28 15",31,"2014"," 05"," 28"," 15"
"2014 05 28 16",24,"2014"," 05"," 28"," 16"
"2014 05 28 17",17,"2014"," 05"," 28"," 17"
"2014 05 28 18",18,"2014"," 05"," 28"," 18"
"2014 05 28 19",12,"2014"," 05"," 28"," 19"
"2014 05 29 08",14,"2014"," 05"," 29"," 08"
"2014 05 29 09",7,"2014"," 05"," 29"," 09"
"2014 05 29 10",19,"2014"," 05"," 29"," 10"
"2014 05 29 11",21,"2014"," 05"," 29"," 11"
"2014 05 29 12",29,"2014"," 05"," 29"," 12"
"2014 05 29 13",31,"2014"," 05"," 29"," 13"
"2014 05 29 14",19,"2014"," 05"," 29"," 14"
"2014 05 29 15",5,"2014"," 05"," 29"," 15"
"2014 05 29 16",32,"2014"," 05"," 29"," 16"
"2014 05 29 17",17,"2014"," 05"," 29"," 17"
"2014 05 29 18",11,"2014"," 05"," 29"," 18"
"2014 05 29 19",3,"2014"," 05"," 29"," 19"
"2014 05 29 23",1,"2014"," 05"," 29"," 23"
"2014 05 30 09",18,"2014"," 05"," 30"," 09"
"2014 05 30 10",9,"2014"," 05"," 30"," 10"
"2014 05 30 11",22,"2014"," 05"," 30"," 11"
"2014 05 30 12",31,"2014"," 05"," 30"," 12"
"2014 05 30 13",8,"2014"," 05"," 30"," 13"
"2014 05 30 14",39,"2014"," 05"," 30"," 14"
"2014 05 30 15",18,"2014"," 05"," 30"," 15"
"2014 05 30 16",13,"2014"," 05"," 30"," 16"
"2014 05 30 17",30,"2014"," 05"," 30"," 17"
"2014 05 30 18",23,"2014"," 05"," 30"," 18"
"2014 05 30 19",8,"2014"," 05"," 30"," 19"
"2014 05 31 09",6,"2014"," 05"," 31"," 09"
"2014 05 31 10",15,"2014"," 05"," 31"," 10"
"2014 05 31 11",19,"2014"," 05"," 31"," 11"
"2014 05 31 12",18,"2014"," 05"," 31"," 12"
"2014 05 31 13",9,"2014"," 05"," 31"," 13"
"2014 05 31 14",5,"2014"," 05"," 31"," 14"
"2014 06 02 08",12,"2014"," 06"," 02"," 08"
"2014 06 02 09",35,"2014"," 06"," 02"," 09"
"2014 06 02 10",15,"2014"," 06"," 02"," 10"
"2014 06 02 11",20,"2014"," 06"," 02"," 11"
"2014 06 02 12",15,"2014"," 06"," 02"," 12"
"2014 06 02 13",37,"2014"," 06"," 02"," 13"
"2014 06 02 14",14,"2014"," 06"," 02"," 14"
"2014 06 02 15",23,"2014"," 06"," 02"," 15"
"2014 06 02 16",23,"2014"," 06"," 02"," 16"
"2014 06 02 17",9,"2014"," 06"," 02"," 17"
"2014 06 02 18",21,"2014"," 06"," 02"," 18"
"2014 06 02 19",7,"2014"," 06"," 02"," 19"
"2014 06 03 08",5,"2014"," 06"," 03"," 08"
"2014 06 03 09",15,"2014"," 06"," 03"," 09"
"2014 06 03 10",14,"2014"," 06"," 03"," 10"
"2014 06 03 11",23,"2014"," 06"," 03"," 11"
"2014 06 03 12",11,"2014"," 06"," 03"," 12"
"2014 06 03 13",39,"2014"," 06"," 03"," 13"
"2014 06 03 14",25,"2014"," 06"," 03"," 14"
"2014 06 03 15",24,"2014"," 06"," 03"," 15"
"2014 06 03 16",10,"2014"," 06"," 03"," 16"
"2014 06 03 17",22,"2014"," 06"," 03"," 17"
"2014 06 03 18",8,"2014"," 06"," 03"," 18"
"2014 06 03 19",10,"2014"," 06"," 03"," 19"
"2014 06 04 08",7,"2014"," 06"," 04"," 08"
"2014 06 04 09",6,"2014"," 06"," 04"," 09"
"2014 06 04 10",13,"2014"," 06"," 04"," 10"
"2014 06 04 11",8,"2014"," 06"," 04"," 11"
"2014 06 04 12",19,"2014"," 06"," 04"," 12"
"2014 06 04 13",38,"2014"," 06"," 04"," 13"
"2014 06 04 14",16,"2014"," 06"," 04"," 14"
"2014 06 04 15",26,"2014"," 06"," 04"," 15"
"2014 06 04 16",9,"2014"," 06"," 04"," 16"
"2014 06 04 17",30,"2014"," 06"," 04"," 17"
"2014 06 04 18",23,"2014"," 06"," 04"," 18"
"2014 06 04 19",2,"2014"," 06"," 04"," 19"
"2014 06 05 08",5,"2014"," 06"," 05"," 08"
"2014 06 05 09",15,"2014"," 06"," 05"," 09"
"2014 06 05 10",8,"2014"," 06"," 05"," 10"
"2014 06 05 11",22,"2014"," 06"," 05"," 11"
"2014 06 05 12",14,"2014"," 06"," 05"," 12"
"2014 06 05 13",7,"2014"," 06"," 05"," 13"
"2014 06 05 14",9,"2014"," 06"," 05"," 14"
"2014 06 05 15",16,"2014"," 06"," 05"," 15"
"2014 06 05 16",21,"2014"," 06"," 05"," 16"
"2014 06 05 17",17,"2014"," 06"," 05"," 17"
"2014 06 05 18",21,"2014"," 06"," 05"," 18"
"2014 06 05 19",3,"2014"," 06"," 05"," 19"
"2014 06 06 08",4,"2014"," 06"," 06"," 08"
"2014 06 06 09",19,"2014"," 06"," 06"," 09"
"2014 06 06 10",8,"2014"," 06"," 06"," 10"
"2014 06 06 11",13,"2014"," 06"," 06"," 11"
"2014 06 06 12",30,"2014"," 06"," 06"," 12"
"2014 06 06 13",11,"2014"," 06"," 06"," 13"
"2014 06 06 14",15,"2014"," 06"," 06"," 14"
"2014 06 06 15",28,"2014"," 06"," 06"," 15"
"2014 06 06 16",7,"2014"," 06"," 06"," 16"
"2014 06 06 17",15,"2014"," 06"," 06"," 17"
"2014 06 06 18",23,"2014"," 06"," 06"," 18"
"2014 06 06 19",13,"2014"," 06"," 06"," 19"
"2014 06 07 09",8,"2014"," 06"," 07"," 09"
"2014 06 07 10",18,"2014"," 06"," 07"," 10"
"2014 06 07 11",20,"2014"," 06"," 07"," 11"
"2014 06 07 12",10,"2014"," 06"," 07"," 12"
"2014 06 07 13",14,"2014"," 06"," 07"," 13"
"2014 06 07 14",5,"2014"," 06"," 07"," 14"
"2014 06 09 08",8,"2014"," 06"," 09"," 08"
"2014 06 09 09",12,"2014"," 06"," 09"," 09"
"2014 06 09 10",10,"2014"," 06"," 09"," 10"
"2014 06 09 11",24,"2014"," 06"," 09"," 11"
"2014 06 09 12",10,"2014"," 06"," 09"," 12"
"2014 06 09 13",7,"2014"," 06"," 09"," 13"
"2014 06 09 14",18,"2014"," 06"," 09"," 14"
"2014 06 09 15",24,"2014"," 06"," 09"," 15"
"2014 06 09 16",10,"2014"," 06"," 09"," 16"
"2014 06 09 17",14,"2014"," 06"," 09"," 17"
"2014 06 09 18",17,"2014"," 06"," 09"," 18"
"2014 06 09 19",8,"2014"," 06"," 09"," 19"
"2014 06 10 08",5,"2014"," 06"," 10"," 08"
"2014 06 10 09",31,"2014"," 06"," 10"," 09"
"2014 06 10 10",14,"2014"," 06"," 10"," 10"
"2014 06 10 11",23,"2014"," 06"," 10"," 11"
"2014 06 10 12",29,"2014"," 06"," 10"," 12"
"2014 06 10 13",26,"2014"," 06"," 10"," 13"
"2014 06 10 14",24,"2014"," 06"," 10"," 14"
"2014 06 10 15",18,"2014"," 06"," 10"," 15"
"2014 06 10 16",16,"2014"," 06"," 10"," 16"
"2014 06 10 17",14,"2014"," 06"," 10"," 17"
"2014 06 10 18",18,"2014"," 06"," 10"," 18"
"2014 06 10 19",7,"2014"," 06"," 10"," 19"
"2014 06 11 08",4,"2014"," 06"," 11"," 08"
"2014 06 11 09",13,"2014"," 06"," 11"," 09"
"2014 06 11 10",14,"2014"," 06"," 11"," 10"
"2014 06 11 11",14,"2014"," 06"," 11"," 11"
"2014 06 11 12",8,"2014"," 06"," 11"," 12"
"2014 06 11 13",16,"2014"," 06"," 11"," 13"
"2014 06 11 14",6,"2014"," 06"," 11"," 14"
"2014 06 11 15",11,"2014"," 06"," 11"," 15"
"2014 06 11 16",13,"2014"," 06"," 11"," 16"
"2014 06 11 17",25,"2014"," 06"," 11"," 17"
"2014 06 11 18",5,"2014"," 06"," 11"," 18"
"2014 06 14 09",8,"2014"," 06"," 14"," 09"
"2014 06 14 10",4,"2014"," 06"," 14"," 10"
"2014 06 14 11",12,"2014"," 06"," 14"," 11"
"2014 06 14 12",8,"2014"," 06"," 14"," 12"
"2014 06 14 13",7,"2014"," 06"," 14"," 13"
"2014 06 16 08",10,"2014"," 06"," 16"," 08"
"2014 06 16 09",17,"2014"," 06"," 16"," 09"
"2014 06 16 10",16,"2014"," 06"," 16"," 10"
"2014 06 16 11",18,"2014"," 06"," 16"," 11"
"2014 06 16 12",19,"2014"," 06"," 16"," 12"
"2014 06 16 13",17,"2014"," 06"," 16"," 13"
"2014 06 16 14",13,"2014"," 06"," 16"," 14"
"2014 06 16 15",26,"2014"," 06"," 16"," 15"
"2014 06 16 16",28,"2014"," 06"," 16"," 16"
"2014 06 16 17",21,"2014"," 06"," 16"," 17"
"2014 06 16 18",21,"2014"," 06"," 16"," 18"
"2014 06 16 19",3,"2014"," 06"," 16"," 19"
"2014 06 16 20",1,"2014"," 06"," 16"," 20"
"2014 06 17 08",4,"2014"," 06"," 17"," 08"
"2014 06 17 09",18,"2014"," 06"," 17"," 09"
"2014 06 17 10",11,"2014"," 06"," 17"," 10"
"2014 06 17 11",16,"2014"," 06"," 17"," 11"
"2014 06 17 12",21,"2014"," 06"," 17"," 12"
"2014 06 17 13",13,"2014"," 06"," 17"," 13"
"2014 06 17 14",21,"2014"," 06"," 17"," 14"
"2014 06 17 15",27,"2014"," 06"," 17"," 15"
"2014 06 17 16",24,"2014"," 06"," 17"," 16"
"2014 06 17 17",34,"2014"," 06"," 17"," 17"
"2014 06 17 18",33,"2014"," 06"," 17"," 18"
"2014 06 17 19",9,"2014"," 06"," 17"," 19"
"2014 06 18 08",5,"2014"," 06"," 18"," 08"
"2014 06 18 09",13,"2014"," 06"," 18"," 09"
"2014 06 18 10",20,"2014"," 06"," 18"," 10"
"2014 06 18 11",20,"2014"," 06"," 18"," 11"
"2014 06 18 12",26,"2014"," 06"," 18"," 12"
"2014 06 18 13",44,"2014"," 06"," 18"," 13"
"2014 06 18 14",25,"2014"," 06"," 18"," 14"
"2014 06 18 15",22,"2014"," 06"," 18"," 15"
"2014 06 18 16",12,"2014"," 06"," 18"," 16"
"2014 06 18 17",30,"2014"," 06"," 18"," 17"
"2014 06 18 18",25,"2014"," 06"," 18"," 18"
"2014 06 18 19",10,"2014"," 06"," 18"," 19"
"2014 06 19 08",6,"2014"," 06"," 19"," 08"
"2014 06 19 09",9,"2014"," 06"," 19"," 09"
"2014 06 19 10",28,"2014"," 06"," 19"," 10"
"2014 06 19 11",21,"2014"," 06"," 19"," 11"
"2014 06 19 12",8,"2014"," 06"," 19"," 12"
"2014 06 19 13",13,"2014"," 06"," 19"," 13"
"2014 06 19 14",17,"2014"," 06"," 19"," 14"
"2014 06 19 15",13,"2014"," 06"," 19"," 15"
"2014 06 19 16",24,"2014"," 06"," 19"," 16"
"2014 06 19 17",27,"2014"," 06"," 19"," 17"
"2014 06 19 18",19,"2014"," 06"," 19"," 18"
"2014 06 19 19",15,"2014"," 06"," 19"," 19"
"2014 06 20 08",5,"2014"," 06"," 20"," 08"
"2014 06 20 09",19,"2014"," 06"," 20"," 09"
"2014 06 20 10",8,"2014"," 06"," 20"," 10"
"2014 06 20 11",30,"2014"," 06"," 20"," 11"
"2014 06 20 12",35,"2014"," 06"," 20"," 12"
"2014 06 20 13",20,"2014"," 06"," 20"," 13"
"2014 06 20 14",16,"2014"," 06"," 20"," 14"
"2014 06 20 15",19,"2014"," 06"," 20"," 15"
"2014 06 20 16",30,"2014"," 06"," 20"," 16"
"2014 06 20 17",21,"2014"," 06"," 20"," 17"
"2014 06 20 18",18,"2014"," 06"," 20"," 18"
"2014 06 20 19",4,"2014"," 06"," 20"," 19"
"2014 06 21 09",20,"2014"," 06"," 21"," 09"
"2014 06 21 10",18,"2014"," 06"," 21"," 10"
"2014 06 21 11",4,"2014"," 06"," 21"," 11"
"2014 06 21 12",6,"2014"," 06"," 21"," 12"
"2014 06 21 13",10,"2014"," 06"," 21"," 13"
"2014 06 21 14",2,"2014"," 06"," 21"," 14"
"2014 06 23 08",2,"2014"," 06"," 23"," 08"
"2014 06 23 09",7,"2014"," 06"," 23"," 09"
"2014 06 23 10",20,"2014"," 06"," 23"," 10"
"2014 06 23 11",10,"2014"," 06"," 23"," 11"
"2014 06 23 12",6,"2014"," 06"," 23"," 12"
"2014 06 23 13",33,"2014"," 06"," 23"," 13"
"2014 06 23 14",28,"2014"," 06"," 23"," 14"
"2014 06 23 15",33,"2014"," 06"," 23"," 15"
"2014 06 23 16",30,"2014"," 06"," 23"," 16"
"2014 06 23 17",24,"2014"," 06"," 23"," 17"
"2014 06 23 18",16,"2014"," 06"," 23"," 18"
"2014 06 23 19",17,"2014"," 06"," 23"," 19"
"2014 06 23 20",1,"2014"," 06"," 23"," 20"
"2014 06 24 08",6,"2014"," 06"," 24"," 08"
"2014 06 24 09",14,"2014"," 06"," 24"," 09"
"2014 06 24 10",20,"2014"," 06"," 24"," 10"
"2014 06 24 11",21,"2014"," 06"," 24"," 11"
"2014 06 24 12",26,"2014"," 06"," 24"," 12"
"2014 06 24 13",17,"2014"," 06"," 24"," 13"
"2014 06 24 14",27,"2014"," 06"," 24"," 14"
"2014 06 24 15",19,"2014"," 06"," 24"," 15"
"2014 06 24 16",29,"2014"," 06"," 24"," 16"
"2014 06 24 17",21,"2014"," 06"," 24"," 17"
"2014 06 24 18",23,"2014"," 06"," 24"," 18"
"2014 06 24 19",12,"2014"," 06"," 24"," 19"
"2014 06 25 08",2,"2014"," 06"," 25"," 08"
"2014 06 25 09",7,"2014"," 06"," 25"," 09"
"2014 06 25 10",19,"2014"," 06"," 25"," 10"
"2014 06 25 11",19,"2014"," 06"," 25"," 11"
"2014 06 25 12",18,"2014"," 06"," 25"," 12"
"2014 06 25 13",16,"2014"," 06"," 25"," 13"
"2014 06 25 14",20,"2014"," 06"," 25"," 14"
"2014 06 25 15",17,"2014"," 06"," 25"," 15"
"2014 06 25 16",8,"2014"," 06"," 25"," 16"
"2014 06 25 17",21,"2014"," 06"," 25"," 17"
"2014 06 25 18",20,"2014"," 06"," 25"," 18"
"2014 06 25 19",15,"2014"," 06"," 25"," 19"
"2014 06 26 09",10,"2014"," 06"," 26"," 09"
"2014 06 26 10",13,"2014"," 06"," 26"," 10"
"2014 06 26 11",16,"2014"," 06"," 26"," 11"
"2014 06 26 12",23,"2014"," 06"," 26"," 12"
"2014 06 26 13",22,"2014"," 06"," 26"," 13"
"2014 06 26 14",12,"2014"," 06"," 26"," 14"
"2014 06 26 15",25,"2014"," 06"," 26"," 15"
"2014 06 26 16",2,"2014"," 06"," 26"," 16"
"2014 06 26 17",17,"2014"," 06"," 26"," 17"
"2014 06 26 18",15,"2014"," 06"," 26"," 18"
"2014 06 26 21",1,"2014"," 06"," 26"," 21"
"2014 06 27 08",2,"2014"," 06"," 27"," 08"
"2014 06 27 09",10,"2014"," 06"," 27"," 09"
"2014 06 27 10",8,"2014"," 06"," 27"," 10"
"2014 06 27 11",21,"2014"," 06"," 27"," 11"
"2014 06 27 12",6,"2014"," 06"," 27"," 12"
"2014 06 27 13",32,"2014"," 06"," 27"," 13"
"2014 06 27 14",22,"2014"," 06"," 27"," 14"
"2014 06 27 15",9,"2014"," 06"," 27"," 15"
"2014 06 27 16",23,"2014"," 06"," 27"," 16"
"2014 06 27 17",17,"2014"," 06"," 27"," 17"
"2014 06 27 18",25,"2014"," 06"," 27"," 18"
"2014 06 27 19",3,"2014"," 06"," 27"," 19"
"2014 06 27 20",1,"2014"," 06"," 27"," 20"
"2014 06 28 09",17,"2014"," 06"," 28"," 09"
"2014 06 28 10",7,"2014"," 06"," 28"," 10"
"2014 06 28 11",12,"2014"," 06"," 28"," 11"
"2014 06 28 12",16,"2014"," 06"," 28"," 12"
"2014 06 28 13",20,"2014"," 06"," 28"," 13"
"2014 06 30 08",4,"2014"," 06"," 30"," 08"
"2014 06 30 09",13,"2014"," 06"," 30"," 09"
"2014 06 30 10",40,"2014"," 06"," 30"," 10"
"2014 06 30 11",13,"2014"," 06"," 30"," 11"
"2014 06 30 12",12,"2014"," 06"," 30"," 12"
"2014 06 30 13",35,"2014"," 06"," 30"," 13"
"2014 06 30 14",23,"2014"," 06"," 30"," 14"
"2014 06 30 15",23,"2014"," 06"," 30"," 15"
"2014 06 30 16",25,"2014"," 06"," 30"," 16"
"2014 06 30 17",22,"2014"," 06"," 30"," 17"
"2014 06 30 18",42,"2014"," 06"," 30"," 18"
"2014 06 30 19",16,"2014"," 06"," 30"," 19"
"2014 07 01 08",9,"2014"," 07"," 01"," 08"
"2014 07 01 09",23,"2014"," 07"," 01"," 09"
"2014 07 01 10",21,"2014"," 07"," 01"," 10"
"2014 07 01 11",17,"2014"," 07"," 01"," 11"
"2014 07 01 12",17,"2014"," 07"," 01"," 12"
"2014 07 01 13",22,"2014"," 07"," 01"," 13"
"2014 07 01 14",19,"2014"," 07"," 01"," 14"
"2014 07 01 15",16,"2014"," 07"," 01"," 15"
"2014 07 01 16",29,"2014"," 07"," 01"," 16"
"2014 07 01 17",21,"2014"," 07"," 01"," 17"
"2014 07 01 18",36,"2014"," 07"," 01"," 18"
"2014 07 01 20",1,"2014"," 07"," 01"," 20"
"2014 07 02 08",8,"2014"," 07"," 02"," 08"
"2014 07 02 09",16,"2014"," 07"," 02"," 09"
"2014 07 02 10",21,"2014"," 07"," 02"," 10"
"2014 07 02 11",11,"2014"," 07"," 02"," 11"
"2014 07 02 12",14,"2014"," 07"," 02"," 12"
"2014 07 02 13",33,"2014"," 07"," 02"," 13"
"2014 07 02 14",16,"2014"," 07"," 02"," 14"
"2014 07 02 15",7,"2014"," 07"," 02"," 15"
"2014 07 02 16",21,"2014"," 07"," 02"," 16"
"2014 07 02 17",23,"2014"," 07"," 02"," 17"
"2014 07 02 18",29,"2014"," 07"," 02"," 18"
"2014 07 02 19",6,"2014"," 07"," 02"," 19"
"2014 07 03 08",17,"2014"," 07"," 03"," 08"
"2014 07 03 09",12,"2014"," 07"," 03"," 09"
"2014 07 03 10",30,"2014"," 07"," 03"," 10"
"2014 07 03 11",23,"2014"," 07"," 03"," 11"
"2014 07 03 12",47,"2014"," 07"," 03"," 12"
"2014 07 03 13",14,"2014"," 07"," 03"," 13"
"2014 07 03 14",18,"2014"," 07"," 03"," 14"
"2014 07 03 15",14,"2014"," 07"," 03"," 15"
"2014 07 03 16",35,"2014"," 07"," 03"," 16"
"2014 07 03 17",10,"2014"," 07"," 03"," 17"
"2014 07 03 18",15,"2014"," 07"," 03"," 18"
"2014 07 03 19",3,"2014"," 07"," 03"," 19"
"2014 07 04 08",8,"2014"," 07"," 04"," 08"
"2014 07 04 09",12,"2014"," 07"," 04"," 09"
"2014 07 04 10",5,"2014"," 07"," 04"," 10"
"2014 07 04 11",24,"2014"," 07"," 04"," 11"
"2014 07 04 12",20,"2014"," 07"," 04"," 12"
"2014 07 04 13",37,"2014"," 07"," 04"," 13"
"2014 07 04 14",20,"2014"," 07"," 04"," 14"
"2014 07 04 15",31,"2014"," 07"," 04"," 15"
"2014 07 04 16",27,"2014"," 07"," 04"," 16"
"2014 07 04 17",4,"2014"," 07"," 04"," 17"
"2014 07 04 18",17,"2014"," 07"," 04"," 18"
"2014 07 04 19",5,"2014"," 07"," 04"," 19"
"2014 07 05 09",7,"2014"," 07"," 05"," 09"
"2014 07 05 10",13,"2014"," 07"," 05"," 10"
"2014 07 05 11",9,"2014"," 07"," 05"," 11"
"2014 07 05 12",13,"2014"," 07"," 05"," 12"
"2014 07 05 13",6,"2014"," 07"," 05"," 13"
"2014 07 07 09",9,"2014"," 07"," 07"," 09"
"2014 07 07 10",16,"2014"," 07"," 07"," 10"
"2014 07 07 11",13,"2014"," 07"," 07"," 11"
"2014 07 07 12",24,"2014"," 07"," 07"," 12"
"2014 07 07 13",9,"2014"," 07"," 07"," 13"
"2014 07 07 14",18,"2014"," 07"," 07"," 14"
"2014 07 07 15",24,"2014"," 07"," 07"," 15"
"2014 07 07 16",9,"2014"," 07"," 07"," 16"
"2014 07 07 17",24,"2014"," 07"," 07"," 17"
"2014 07 07 18",17,"2014"," 07"," 07"," 18"
"2014 07 07 19",7,"2014"," 07"," 07"," 19"
"2014 07 07 20",1,"2014"," 07"," 07"," 20"
"2014 07 08 08",4,"2014"," 07"," 08"," 08"
"2014 07 08 09",17,"2014"," 07"," 08"," 09"
"2014 07 08 10",9,"2014"," 07"," 08"," 10"
"2014 07 08 11",18,"2014"," 07"," 08"," 11"
"2014 07 08 12",11,"2014"," 07"," 08"," 12"
"2014 07 08 13",12,"2014"," 07"," 08"," 13"
"2014 07 08 14",24,"2014"," 07"," 08"," 14"
"2014 07 08 15",24,"2014"," 07"," 08"," 15"
"2014 07 08 16",35,"2014"," 07"," 08"," 16"
"2014 07 08 17",28,"2014"," 07"," 08"," 17"
"2014 07 08 18",26,"2014"," 07"," 08"," 18"
"2014 07 08 19",5,"2014"," 07"," 08"," 19"
"2014 07 09 08",6,"2014"," 07"," 09"," 08"
"2014 07 09 09",10,"2014"," 07"," 09"," 09"
"2014 07 09 10",22,"2014"," 07"," 09"," 10"
"2014 07 09 11",14,"2014"," 07"," 09"," 11"
"2014 07 09 12",16,"2014"," 07"," 09"," 12"
"2014 07 09 13",1,"2014"," 07"," 09"," 13"
"2014 07 09 14",20,"2014"," 07"," 09"," 14"
"2014 07 09 15",15,"2014"," 07"," 09"," 15"
"2014 07 09 16",15,"2014"," 07"," 09"," 16"
"2014 07 09 17",17,"2014"," 07"," 09"," 17"
"2014 07 09 18",13,"2014"," 07"," 09"," 18"
"2014 07 09 19",1,"2014"," 07"," 09"," 19"
"2014 07 10 08",10,"2014"," 07"," 10"," 08"
"2014 07 10 09",13,"2014"," 07"," 10"," 09"
"2014 07 10 10",18,"2014"," 07"," 10"," 10"
"2014 07 10 11",10,"2014"," 07"," 10"," 11"
"2014 07 10 12",9,"2014"," 07"," 10"," 12"
"2014 07 10 13",25,"2014"," 07"," 10"," 13"
"2014 07 10 14",12,"2014"," 07"," 10"," 14"
"2014 07 10 15",18,"2014"," 07"," 10"," 15"
"2014 07 10 16",21,"2014"," 07"," 10"," 16"
"2014 07 10 17",13,"2014"," 07"," 10"," 17"
"2014 07 10 18",15,"2014"," 07"," 10"," 18"
"2014 07 10 19",7,"2014"," 07"," 10"," 19"
"2014 07 10 20",2,"2014"," 07"," 10"," 20"
"2014 07 11 08",4,"2014"," 07"," 11"," 08"
"2014 07 11 09",15,"2014"," 07"," 11"," 09"
"2014 07 11 10",7,"2014"," 07"," 11"," 10"
"2014 07 11 11",8,"2014"," 07"," 11"," 11"
"2014 07 11 12",14,"2014"," 07"," 11"," 12"
"2014 07 11 13",22,"2014"," 07"," 11"," 13"
"2014 07 11 14",24,"2014"," 07"," 11"," 14"
"2014 07 11 15",10,"2014"," 07"," 11"," 15"
"2014 07 11 16",25,"2014"," 07"," 11"," 16"
"2014 07 11 17",32,"2014"," 07"," 11"," 17"
"2014 07 11 18",7,"2014"," 07"," 11"," 18"
"2014 07 11 19",6,"2014"," 07"," 11"," 19"
"2014 07 12 09",7,"2014"," 07"," 12"," 09"
"2014 07 12 10",10,"2014"," 07"," 12"," 10"
"2014 07 12 11",10,"2014"," 07"," 12"," 11"
"2014 07 12 12",32,"2014"," 07"," 12"," 12"
"2014 07 12 13",17,"2014"," 07"," 12"," 13"
"2014 07 12 14",1,"2014"," 07"," 12"," 14"
"2014 07 14 08",2,"2014"," 07"," 14"," 08"
"2014 07 14 09",10,"2014"," 07"," 14"," 09"
"2014 07 14 10",7,"2014"," 07"," 14"," 10"
"2014 07 14 11",28,"2014"," 07"," 14"," 11"
"2014 07 14 12",20,"2014"," 07"," 14"," 12"
"2014 07 14 13",15,"2014"," 07"," 14"," 13"
"2014 07 14 14",37,"2014"," 07"," 14"," 14"
"2014 07 14 15",28,"2014"," 07"," 14"," 15"
"2014 07 14 16",40,"2014"," 07"," 14"," 16"
"2014 07 14 17",23,"2014"," 07"," 14"," 17"
"2014 07 14 18",40,"2014"," 07"," 14"," 18"
"2014 07 14 19",4,"2014"," 07"," 14"," 19"
"2014 07 14 20",1,"2014"," 07"," 14"," 20"
"2014 07 15 08",9,"2014"," 07"," 15"," 08"
"2014 07 15 09",19,"2014"," 07"," 15"," 09"
"2014 07 15 10",25,"2014"," 07"," 15"," 10"
"2014 07 15 11",7,"2014"," 07"," 15"," 11"
"2014 07 15 12",21,"2014"," 07"," 15"," 12"
"2014 07 15 13",19,"2014"," 07"," 15"," 13"
"2014 07 15 14",24,"2014"," 07"," 15"," 14"
"2014 07 15 15",33,"2014"," 07"," 15"," 15"
"2014 07 15 16",25,"2014"," 07"," 15"," 16"
"2014 07 15 17",16,"2014"," 07"," 15"," 17"
"2014 07 15 18",26,"2014"," 07"," 15"," 18"
"2014 07 15 19",7,"2014"," 07"," 15"," 19"
"2014 07 16 09",18,"2014"," 07"," 16"," 09"
"2014 07 16 10",18,"2014"," 07"," 16"," 10"
"2014 07 16 11",21,"2014"," 07"," 16"," 11"
"2014 07 16 12",26,"2014"," 07"," 16"," 12"
"2014 07 16 13",26,"2014"," 07"," 16"," 13"
"2014 07 16 14",7,"2014"," 07"," 16"," 14"
"2014 07 16 15",20,"2014"," 07"," 16"," 15"
"2014 07 16 16",12,"2014"," 07"," 16"," 16"
"2014 07 16 17",29,"2014"," 07"," 16"," 17"
"2014 07 16 18",15,"2014"," 07"," 16"," 18"
"2014 07 16 19",11,"2014"," 07"," 16"," 19"
"2014 07 16 20",1,"2014"," 07"," 16"," 20"
"2014 07 17 09",11,"2014"," 07"," 17"," 09"
"2014 07 17 10",9,"2014"," 07"," 17"," 10"
"2014 07 17 11",13,"2014"," 07"," 17"," 11"
"2014 07 17 12",19,"2014"," 07"," 17"," 12"
"2014 07 17 13",17,"2014"," 07"," 17"," 13"
"2014 07 17 14",9,"2014"," 07"," 17"," 14"
"2014 07 17 15",23,"2014"," 07"," 17"," 15"
"2014 07 17 16",20,"2014"," 07"," 17"," 16"
"2014 07 17 17",28,"2014"," 07"," 17"," 17"
"2014 07 17 18",15,"2014"," 07"," 17"," 18"
"2014 07 17 19",6,"2014"," 07"," 17"," 19"
"2014 07 18 08",5,"2014"," 07"," 18"," 08"
"2014 07 18 09",11,"2014"," 07"," 18"," 09"
"2014 07 18 10",20,"2014"," 07"," 18"," 10"
"2014 07 18 11",13,"2014"," 07"," 18"," 11"
"2014 07 18 12",31,"2014"," 07"," 18"," 12"
"2014 07 18 13",21,"2014"," 07"," 18"," 13"
"2014 07 18 14",7,"2014"," 07"," 18"," 14"
"2014 07 18 15",11,"2014"," 07"," 18"," 15"
"2014 07 18 16",14,"2014"," 07"," 18"," 16"
"2014 07 18 17",27,"2014"," 07"," 18"," 17"
"2014 07 18 18",5,"2014"," 07"," 18"," 18"
"2014 07 19 09",8,"2014"," 07"," 19"," 09"
"2014 07 19 10",3,"2014"," 07"," 19"," 10"
"2014 07 19 11",17,"2014"," 07"," 19"," 11"
"2014 07 19 12",31,"2014"," 07"," 19"," 12"
"2014 07 19 13",17,"2014"," 07"," 19"," 13"
"2014 07 19 14",2,"2014"," 07"," 19"," 14"
"2014 07 21 08",10,"2014"," 07"," 21"," 08"
"2014 07 21 09",12,"2014"," 07"," 21"," 09"
"2014 07 21 10",27,"2014"," 07"," 21"," 10"
"2014 07 21 11",21,"2014"," 07"," 21"," 11"
"2014 07 21 12",13,"2014"," 07"," 21"," 12"
"2014 07 21 13",26,"2014"," 07"," 21"," 13"
"2014 07 21 14",9,"2014"," 07"," 21"," 14"
"2014 07 21 15",12,"2014"," 07"," 21"," 15"
"2014 07 21 16",15,"2014"," 07"," 21"," 16"
"2014 07 21 17",22,"2014"," 07"," 21"," 17"
"2014 07 21 18",20,"2014"," 07"," 21"," 18"
"2014 07 21 19",10,"2014"," 07"," 21"," 19"
"2014 07 22 08",8,"2014"," 07"," 22"," 08"
"2014 07 22 09",13,"2014"," 07"," 22"," 09"
"2014 07 22 10",3,"2014"," 07"," 22"," 10"
"2014 07 22 11",28,"2014"," 07"," 22"," 11"
"2014 07 22 12",26,"2014"," 07"," 22"," 12"
"2014 07 22 13",16,"2014"," 07"," 22"," 13"
"2014 07 22 14",8,"2014"," 07"," 22"," 14"
"2014 07 22 15",15,"2014"," 07"," 22"," 15"
"2014 07 22 16",23,"2014"," 07"," 22"," 16"
"2014 07 22 17",12,"2014"," 07"," 22"," 17"
"2014 07 22 18",19,"2014"," 07"," 22"," 18"
"2014 07 22 19",15,"2014"," 07"," 22"," 19"
"2014 07 23 08",3,"2014"," 07"," 23"," 08"
"2014 07 23 09",9,"2014"," 07"," 23"," 09"
"2014 07 23 10",8,"2014"," 07"," 23"," 10"
"2014 07 23 11",20,"2014"," 07"," 23"," 11"
"2014 07 23 12",15,"2014"," 07"," 23"," 12"
"2014 07 23 13",15,"2014"," 07"," 23"," 13"
"2014 07 23 14",9,"2014"," 07"," 23"," 14"
"2014 07 23 15",14,"2014"," 07"," 23"," 15"
"2014 07 23 16",13,"2014"," 07"," 23"," 16"
"2014 07 23 17",20,"2014"," 07"," 23"," 17"
"2014 07 23 18",17,"2014"," 07"," 23"," 18"
"2014 07 23 19",6,"2014"," 07"," 23"," 19"
"2014 07 24 08",4,"2014"," 07"," 24"," 08"
"2014 07 24 09",22,"2014"," 07"," 24"," 09"
"2014 07 24 10",13,"2014"," 07"," 24"," 10"
"2014 07 24 11",15,"2014"," 07"," 24"," 11"
"2014 07 24 12",22,"2014"," 07"," 24"," 12"
"2014 07 24 13",23,"2014"," 07"," 24"," 13"
"2014 07 24 14",10,"2014"," 07"," 24"," 14"
"2014 07 24 15",25,"2014"," 07"," 24"," 15"
"2014 07 24 16",16,"2014"," 07"," 24"," 16"
"2014 07 24 17",21,"2014"," 07"," 24"," 17"
"2014 07 24 18",32,"2014"," 07"," 24"," 18"
"2014 07 24 19",11,"2014"," 07"," 24"," 19"
"2014 07 24 20",1,"2014"," 07"," 24"," 20"
"2014 07 25 08",2,"2014"," 07"," 25"," 08"
"2014 07 25 09",19,"2014"," 07"," 25"," 09"
"2014 07 25 10",19,"2014"," 07"," 25"," 10"
"2014 07 25 11",20,"2014"," 07"," 25"," 11"
"2014 07 25 12",20,"2014"," 07"," 25"," 12"
"2014 07 25 13",22,"2014"," 07"," 25"," 13"
"2014 07 25 14",13,"2014"," 07"," 25"," 14"
"2014 07 25 15",22,"2014"," 07"," 25"," 15"
"2014 07 25 16",24,"2014"," 07"," 25"," 16"
"2014 07 25 17",21,"2014"," 07"," 25"," 17"
"2014 07 25 18",12,"2014"," 07"," 25"," 18"
"2014 07 25 19",4,"2014"," 07"," 25"," 19"
"2014 07 26 09",13,"2014"," 07"," 26"," 09"
"2014 07 26 10",14,"2014"," 07"," 26"," 10"
"2014 07 26 11",14,"2014"," 07"," 26"," 11"
"2014 07 26 12",10,"2014"," 07"," 26"," 12"
"2014 07 26 13",20,"2014"," 07"," 26"," 13"
"2014 07 26 14",1,"2014"," 07"," 26"," 14"
"2014 07 28 08",13,"2014"," 07"," 28"," 08"
"2014 07 28 09",13,"2014"," 07"," 28"," 09"
"2014 07 28 10",18,"2014"," 07"," 28"," 10"
"2014 07 28 11",26,"2014"," 07"," 28"," 11"
"2014 07 28 12",10,"2014"," 07"," 28"," 12"
"2014 07 28 13",31,"2014"," 07"," 28"," 13"
"2014 07 28 14",4,"2014"," 07"," 28"," 14"
"2014 07 28 15",15,"2014"," 07"," 28"," 15"
"2014 07 28 16",21,"2014"," 07"," 28"," 16"
"2014 07 28 17",12,"2014"," 07"," 28"," 17"
"2014 07 28 18",8,"2014"," 07"," 28"," 18"
"2014 07 28 19",8,"2014"," 07"," 28"," 19"
"2014 07 29 08",8,"2014"," 07"," 29"," 08"
"2014 07 29 09",6,"2014"," 07"," 29"," 09"
"2014 07 29 10",21,"2014"," 07"," 29"," 10"
"2014 07 29 11",10,"2014"," 07"," 29"," 11"
"2014 07 29 12",6,"2014"," 07"," 29"," 12"
"2014 07 29 13",17,"2014"," 07"," 29"," 13"
"2014 07 29 14",11,"2014"," 07"," 29"," 14"
"2014 07 29 15",10,"2014"," 07"," 29"," 15"
"2014 07 29 16",9,"2014"," 07"," 29"," 16"
"2014 07 29 17",13,"2014"," 07"," 29"," 17"
"2014 07 29 18",13,"2014"," 07"," 29"," 18"
"2014 07 29 19",11,"2014"," 07"," 29"," 19"
"2014 07 30 08",6,"2014"," 07"," 30"," 08"
"2014 07 30 09",13,"2014"," 07"," 30"," 09"
"2014 07 30 10",8,"2014"," 07"," 30"," 10"
"2014 07 30 11",12,"2014"," 07"," 30"," 11"
"2014 07 30 12",9,"2014"," 07"," 30"," 12"
"2014 07 30 13",8,"2014"," 07"," 30"," 13"
"2014 07 30 14",6,"2014"," 07"," 30"," 14"
"2014 07 30 15",7,"2014"," 07"," 30"," 15"
"2014 07 30 16",8,"2014"," 07"," 30"," 16"
"2014 07 30 17",13,"2014"," 07"," 30"," 17"
"2014 07 30 18",24,"2014"," 07"," 30"," 18"
"2014 07 30 19",17,"2014"," 07"," 30"," 19"
"2014 07 30 20",1,"2014"," 07"," 30"," 20"
"2014 07 31 08",3,"2014"," 07"," 31"," 08"
"2014 07 31 09",6,"2014"," 07"," 31"," 09"
"2014 07 31 10",14,"2014"," 07"," 31"," 10"
"2014 07 31 11",6,"2014"," 07"," 31"," 11"
"2014 07 31 12",9,"2014"," 07"," 31"," 12"
"2014 07 31 13",6,"2014"," 07"," 31"," 13"
"2014 07 31 14",11,"2014"," 07"," 31"," 14"
"2014 07 31 15",19,"2014"," 07"," 31"," 15"
"2014 07 31 16",6,"2014"," 07"," 31"," 16"
"2014 07 31 17",4,"2014"," 07"," 31"," 17"
"2014 07 31 18",23,"2014"," 07"," 31"," 18"
"2014 07 31 19",7,"2014"," 07"," 31"," 19"
"2014 08 01 08",6,"2014"," 08"," 01"," 08"
"2014 08 01 09",6,"2014"," 08"," 01"," 09"
"2014 08 01 10",9,"2014"," 08"," 01"," 10"
"2014 08 01 11",23,"2014"," 08"," 01"," 11"
"2014 08 01 12",11,"2014"," 08"," 01"," 12"
"2014 08 01 13",15,"2014"," 08"," 01"," 13"
"2014 08 01 14",35,"2014"," 08"," 01"," 14"
"2014 08 01 15",1,"2014"," 08"," 01"," 15"
"2014 08 01 16",11,"2014"," 08"," 01"," 16"
"2014 08 01 17",22,"2014"," 08"," 01"," 17"
"2014 08 01 18",23,"2014"," 08"," 01"," 18"
"2014 08 01 19",6,"2014"," 08"," 01"," 19"
"2014 08 02 09",6,"2014"," 08"," 02"," 09"
"2014 08 02 10",6,"2014"," 08"," 02"," 10"
"2014 08 02 11",9,"2014"," 08"," 02"," 11"
"2014 08 02 12",14,"2014"," 08"," 02"," 12"
"2014 08 02 13",3,"2014"," 08"," 02"," 13"
"2014 08 02 14",1,"2014"," 08"," 02"," 14"
"2014 08 04 08",3,"2014"," 08"," 04"," 08"
"2014 08 04 09",6,"2014"," 08"," 04"," 09"
"2014 08 04 10",13,"2014"," 08"," 04"," 10"
"2014 08 04 11",23,"2014"," 08"," 04"," 11"
"2014 08 04 12",15,"2014"," 08"," 04"," 12"
"2014 08 04 13",25,"2014"," 08"," 04"," 13"
"2014 08 04 14",14,"2014"," 08"," 04"," 14"
"2014 08 04 15",7,"2014"," 08"," 04"," 15"
"2014 08 04 16",21,"2014"," 08"," 04"," 16"
"2014 08 04 17",32,"2014"," 08"," 04"," 17"
"2014 08 04 18",10,"2014"," 08"," 04"," 18"
"2014 08 04 19",3,"2014"," 08"," 04"," 19"
"2014 08 05 08",5,"2014"," 08"," 05"," 08"
"2014 08 05 09",15,"2014"," 08"," 05"," 09"
"2014 08 05 10",5,"2014"," 08"," 05"," 10"
"2014 08 05 11",28,"2014"," 08"," 05"," 11"
"2014 08 05 12",32,"2014"," 08"," 05"," 12"
"2014 08 05 13",31,"2014"," 08"," 05"," 13"
"2014 08 05 14",13,"2014"," 08"," 05"," 14"
"2014 08 05 15",22,"2014"," 08"," 05"," 15"
"2014 08 05 16",9,"2014"," 08"," 05"," 16"
"2014 08 05 17",15,"2014"," 08"," 05"," 17"
"2014 08 05 18",21,"2014"," 08"," 05"," 18"
"2014 08 05 19",1,"2014"," 08"," 05"," 19"
"2014 08 05 20",1,"2014"," 08"," 05"," 20"
"2014 08 06 08",7,"2014"," 08"," 06"," 08"
"2014 08 06 09",11,"2014"," 08"," 06"," 09"
"2014 08 06 10",13,"2014"," 08"," 06"," 10"
"2014 08 06 11",12,"2014"," 08"," 06"," 11"
"2014 08 06 12",5,"2014"," 08"," 06"," 12"
"2014 08 06 13",24,"2014"," 08"," 06"," 13"
"2014 08 06 14",26,"2014"," 08"," 06"," 14"
"2014 08 06 15",9,"2014"," 08"," 06"," 15"
"2014 08 06 16",11,"2014"," 08"," 06"," 16"
"2014 08 06 17",13,"2014"," 08"," 06"," 17"
"2014 08 06 18",14,"2014"," 08"," 06"," 18"
"2014 08 06 19",8,"2014"," 08"," 06"," 19"
"2014 08 07 08",6,"2014"," 08"," 07"," 08"
"2014 08 07 10",20,"2014"," 08"," 07"," 10"
"2014 08 07 11",30,"2014"," 08"," 07"," 11"
"2014 08 07 12",21,"2014"," 08"," 07"," 12"
"2014 08 07 13",21,"2014"," 08"," 07"," 13"
"2014 08 07 14",9,"2014"," 08"," 07"," 14"
"2014 08 07 15",4,"2014"," 08"," 07"," 15"
"2014 08 07 16",27,"2014"," 08"," 07"," 16"
"2014 08 07 17",2,"2014"," 08"," 07"," 17"
"2014 08 07 18",8,"2014"," 08"," 07"," 18"
"2014 08 07 19",4,"2014"," 08"," 07"," 19"
"2014 08 07 20",1,"2014"," 08"," 07"," 20"
"2014 08 08 09",17,"2014"," 08"," 08"," 09"
"2014 08 08 10",5,"2014"," 08"," 08"," 10"
"2014 08 08 11",17,"2014"," 08"," 08"," 11"
"2014 08 08 12",18,"2014"," 08"," 08"," 12"
"2014 08 08 13",14,"2014"," 08"," 08"," 13"
"2014 08 08 14",23,"2014"," 08"," 08"," 14"
"2014 08 08 15",9,"2014"," 08"," 08"," 15"
"2014 08 08 16",14,"2014"," 08"," 08"," 16"
"2014 08 08 17",19,"2014"," 08"," 08"," 17"
"2014 08 08 18",5,"2014"," 08"," 08"," 18"
"2014 08 08 19",3,"2014"," 08"," 08"," 19"
"2014 08 09 09",5,"2014"," 08"," 09"," 09"
"2014 08 09 10",1,"2014"," 08"," 09"," 10"
"2014 08 09 11",16,"2014"," 08"," 09"," 11"
"2014 08 09 12",16,"2014"," 08"," 09"," 12"
"2014 08 09 13",5,"2014"," 08"," 09"," 13"
"2014 08 09 14",1,"2014"," 08"," 09"," 14"
"2014 08 11 08",10,"2014"," 08"," 11"," 08"
"2014 08 11 09",29,"2014"," 08"," 11"," 09"
"2014 08 11 10",17,"2014"," 08"," 11"," 10"
"2014 08 11 11",9,"2014"," 08"," 11"," 11"
"2014 08 11 12",30,"2014"," 08"," 11"," 12"
"2014 08 11 13",41,"2014"," 08"," 11"," 13"
"2014 08 11 14",21,"2014"," 08"," 11"," 14"
"2014 08 11 15",10,"2014"," 08"," 11"," 15"
"2014 08 11 16",12,"2014"," 08"," 11"," 16"
"2014 08 11 17",22,"2014"," 08"," 11"," 17"
"2014 08 11 18",14,"2014"," 08"," 11"," 18"
"2014 08 11 19",10,"2014"," 08"," 11"," 19"
"2014 08 12 08",2,"2014"," 08"," 12"," 08"
"2014 08 12 09",12,"2014"," 08"," 12"," 09"
"2014 08 12 10",10,"2014"," 08"," 12"," 10"
"2014 08 12 11",26,"2014"," 08"," 12"," 11"
"2014 08 12 12",26,"2014"," 08"," 12"," 12"
"2014 08 12 13",36,"2014"," 08"," 12"," 13"
"2014 08 12 14",34,"2014"," 08"," 12"," 14"
"2014 08 12 15",12,"2014"," 08"," 12"," 15"
"2014 08 12 16",26,"2014"," 08"," 12"," 16"
"2014 08 12 17",7,"2014"," 08"," 12"," 17"
"2014 08 12 18",15,"2014"," 08"," 12"," 18"
"2014 08 12 19",1,"2014"," 08"," 12"," 19"
"2014 08 13 09",8,"2014"," 08"," 13"," 09"
"2014 08 13 10",17,"2014"," 08"," 13"," 10"
"2014 08 13 11",20,"2014"," 08"," 13"," 11"
"2014 08 13 12",17,"2014"," 08"," 13"," 12"
"2014 08 13 13",13,"2014"," 08"," 13"," 13"
"2014 08 13 14",26,"2014"," 08"," 13"," 14"
"2014 08 13 15",30,"2014"," 08"," 13"," 15"
"2014 08 13 16",17,"2014"," 08"," 13"," 16"
"2014 08 13 17",16,"2014"," 08"," 13"," 17"
"2014 08 13 18",32,"2014"," 08"," 13"," 18"
"2014 08 13 19",4,"2014"," 08"," 13"," 19"
"2014 08 14 08",3,"2014"," 08"," 14"," 08"
"2014 08 14 09",6,"2014"," 08"," 14"," 09"
"2014 08 14 10",9,"2014"," 08"," 14"," 10"
"2014 08 14 11",17,"2014"," 08"," 14"," 11"
"2014 08 14 12",12,"2014"," 08"," 14"," 12"
"2014 08 14 13",12,"2014"," 08"," 14"," 13"
"2014 08 14 14",24,"2014"," 08"," 14"," 14"
"2014 08 14 15",15,"2014"," 08"," 14"," 15"
"2014 08 14 16",22,"2014"," 08"," 14"," 16"
"2014 08 14 17",22,"2014"," 08"," 14"," 17"
"2014 08 14 18",6,"2014"," 08"," 14"," 18"
"2014 08 14 19",4,"2014"," 08"," 14"," 19"
"2014 08 15 09",3,"2014"," 08"," 15"," 09"
"2014 08 15 10",9,"2014"," 08"," 15"," 10"
"2014 08 15 11",25,"2014"," 08"," 15"," 11"
"2014 08 15 12",13,"2014"," 08"," 15"," 12"
"2014 08 15 13",7,"2014"," 08"," 15"," 13"
"2014 08 15 14",20,"2014"," 08"," 15"," 14"
"2014 08 15 15",9,"2014"," 08"," 15"," 15"
"2014 08 15 16",16,"2014"," 08"," 15"," 16"
"2014 08 15 17",13,"2014"," 08"," 15"," 17"
"2014 08 15 18",34,"2014"," 08"," 15"," 18"
"2014 08 15 19",3,"2014"," 08"," 15"," 19"
"2014 08 15 20",1,"2014"," 08"," 15"," 20"
"2014 08 16 09",6,"2014"," 08"," 16"," 09"
"2014 08 16 10",14,"2014"," 08"," 16"," 10"
"2014 08 16 11",12,"2014"," 08"," 16"," 11"
"2014 08 16 12",10,"2014"," 08"," 16"," 12"
"2014 08 16 13",9,"2014"," 08"," 16"," 13"
"2014 08 18 09",14,"2014"," 08"," 18"," 09"
"2014 08 18 10",15,"2014"," 08"," 18"," 10"
"2014 08 18 11",15,"2014"," 08"," 18"," 11"
"2014 08 18 12",15,"2014"," 08"," 18"," 12"
"2014 08 18 13",33,"2014"," 08"," 18"," 13"
"2014 08 18 14",14,"2014"," 08"," 18"," 14"
"2014 08 18 15",20,"2014"," 08"," 18"," 15"
"2014 08 18 16",9,"2014"," 08"," 18"," 16"
"2014 08 18 17",25,"2014"," 08"," 18"," 17"
"2014 08 18 18",26,"2014"," 08"," 18"," 18"
"2014 08 18 19",6,"2014"," 08"," 18"," 19"
"2014 08 19 09",10,"2014"," 08"," 19"," 09"
"2014 08 19 10",16,"2014"," 08"," 19"," 10"
"2014 08 19 11",17,"2014"," 08"," 19"," 11"
"2014 08 19 12",13,"2014"," 08"," 19"," 12"
"2014 08 19 13",5,"2014"," 08"," 19"," 13"
"2014 08 19 14",15,"2014"," 08"," 19"," 14"
"2014 08 19 15",16,"2014"," 08"," 19"," 15"
"2014 08 19 16",10,"2014"," 08"," 19"," 16"
"2014 08 19 17",26,"2014"," 08"," 19"," 17"
"2014 08 19 18",21,"2014"," 08"," 19"," 18"
"2014 08 19 19",5,"2014"," 08"," 19"," 19"
"2014 08 19 20",1,"2014"," 08"," 19"," 20"
"2014 08 20 08",2,"2014"," 08"," 20"," 08"
"2014 08 20 09",1,"2014"," 08"," 20"," 09"
"2014 08 20 10",16,"2014"," 08"," 20"," 10"
"2014 08 20 11",13,"2014"," 08"," 20"," 11"
"2014 08 20 12",11,"2014"," 08"," 20"," 12"
"2014 08 20 13",11,"2014"," 08"," 20"," 13"
"2014 08 20 14",28,"2014"," 08"," 20"," 14"
"2014 08 20 15",17,"2014"," 08"," 20"," 15"
"2014 08 20 16",22,"2014"," 08"," 20"," 16"
"2014 08 20 17",7,"2014"," 08"," 20"," 17"
"2014 08 20 18",2,"2014"," 08"," 20"," 18"
"2014 08 20 19",1,"2014"," 08"," 20"," 19"
"2014 08 21 09",6,"2014"," 08"," 21"," 09"
"2014 08 21 10",25,"2014"," 08"," 21"," 10"
"2014 08 21 11",22,"2014"," 08"," 21"," 11"
"2014 08 21 12",12,"2014"," 08"," 21"," 12"
"2014 08 21 13",16,"2014"," 08"," 21"," 13"
"2014 08 21 14",19,"2014"," 08"," 21"," 14"
"2014 08 21 15",14,"2014"," 08"," 21"," 15"
"2014 08 21 16",9,"2014"," 08"," 21"," 16"
"2014 08 21 17",10,"2014"," 08"," 21"," 17"
"2014 08 21 18",9,"2014"," 08"," 21"," 18"
"2014 08 22 08",3,"2014"," 08"," 22"," 08"
"2014 08 22 09",16,"2014"," 08"," 22"," 09"
"2014 08 22 10",18,"2014"," 08"," 22"," 10"
"2014 08 22 11",4,"2014"," 08"," 22"," 11"
"2014 08 22 12",18,"2014"," 08"," 22"," 12"
"2014 08 22 13",23,"2014"," 08"," 22"," 13"
"2014 08 22 14",4,"2014"," 08"," 22"," 14"
"2014 08 22 15",24,"2014"," 08"," 22"," 15"
"2014 08 22 16",6,"2014"," 08"," 22"," 16"
"2014 08 22 17",4,"2014"," 08"," 22"," 17"
"2014 08 22 18",16,"2014"," 08"," 22"," 18"
"2014 08 22 20",1,"2014"," 08"," 22"," 20"
"2014 08 23 09",5,"2014"," 08"," 23"," 09"
"2014 08 23 10",17,"2014"," 08"," 23"," 10"
"2014 08 23 11",15,"2014"," 08"," 23"," 11"
"2014 08 23 12",18,"2014"," 08"," 23"," 12"
"2014 08 23 13",7,"2014"," 08"," 23"," 13"
"2014 08 25 09",5,"2014"," 08"," 25"," 09"
"2014 08 25 10",10,"2014"," 08"," 25"," 10"
"2014 08 25 11",7,"2014"," 08"," 25"," 11"
"2014 08 25 12",15,"2014"," 08"," 25"," 12"
"2014 08 25 13",22,"2014"," 08"," 25"," 13"
"2014 08 25 14",12,"2014"," 08"," 25"," 14"
"2014 08 25 15",19,"2014"," 08"," 25"," 15"
"2014 08 25 16",31,"2014"," 08"," 25"," 16"
"2014 08 25 17",16,"2014"," 08"," 25"," 17"
"2014 08 25 18",17,"2014"," 08"," 25"," 18"
"2014 08 25 19",12,"2014"," 08"," 25"," 19"
"2014 08 26 09",6,"2014"," 08"," 26"," 09"
"2014 08 26 10",20,"2014"," 08"," 26"," 10"
"2014 08 26 11",6,"2014"," 08"," 26"," 11"
"2014 08 26 12",22,"2014"," 08"," 26"," 12"
"2014 08 26 13",7,"2014"," 08"," 26"," 13"
"2014 08 26 14",16,"2014"," 08"," 26"," 14"
"2014 08 26 15",12,"2014"," 08"," 26"," 15"
"2014 08 26 16",14,"2014"," 08"," 26"," 16"
"2014 08 26 17",18,"2014"," 08"," 26"," 17"
"2014 08 26 18",20,"2014"," 08"," 26"," 18"
"2014 08 26 19",9,"2014"," 08"," 26"," 19"
"2014 08 27 08",3,"2014"," 08"," 27"," 08"
"2014 08 27 09",9,"2014"," 08"," 27"," 09"
"2014 08 27 10",8,"2014"," 08"," 27"," 10"
"2014 08 27 11",12,"2014"," 08"," 27"," 11"
"2014 08 27 12",20,"2014"," 08"," 27"," 12"
"2014 08 27 13",16,"2014"," 08"," 27"," 13"
"2014 08 27 14",18,"2014"," 08"," 27"," 14"
"2014 08 27 15",29,"2014"," 08"," 27"," 15"
"2014 08 27 16",25,"2014"," 08"," 27"," 16"
"2014 08 27 17",33,"2014"," 08"," 27"," 17"
"2014 08 27 18",19,"2014"," 08"," 27"," 18"
"2014 08 27 19",3,"2014"," 08"," 27"," 19"
"2014 08 28 08",2,"2014"," 08"," 28"," 08"
"2014 08 28 09",16,"2014"," 08"," 28"," 09"
"2014 08 28 10",13,"2014"," 08"," 28"," 10"
"2014 08 28 11",14,"2014"," 08"," 28"," 11"
"2014 08 28 12",21,"2014"," 08"," 28"," 12"
"2014 08 28 13",23,"2014"," 08"," 28"," 13"
"2014 08 28 14",18,"2014"," 08"," 28"," 14"
"2014 08 28 15",24,"2014"," 08"," 28"," 15"
"2014 08 28 16",5,"2014"," 08"," 28"," 16"
"2014 08 28 17",9,"2014"," 08"," 28"," 17"
"2014 08 28 18",11,"2014"," 08"," 28"," 18"
"2014 08 29 08",3,"2014"," 08"," 29"," 08"
"2014 08 29 09",4,"2014"," 08"," 29"," 09"
"2014 08 29 10",21,"2014"," 08"," 29"," 10"
"2014 08 29 11",10,"2014"," 08"," 29"," 11"
"2014 08 29 12",4,"2014"," 08"," 29"," 12"
"2014 08 29 13",3,"2014"," 08"," 29"," 13"
"2014 08 29 14",16,"2014"," 08"," 29"," 14"
"2014 08 29 15",21,"2014"," 08"," 29"," 15"
"2014 08 29 16",9,"2014"," 08"," 29"," 16"
"2014 08 29 17",26,"2014"," 08"," 29"," 17"
"2014 08 29 18",16,"2014"," 08"," 29"," 18"
"2014 08 29 19",7,"2014"," 08"," 29"," 19"
"2014 08 30 09",6,"2014"," 08"," 30"," 09"
"2014 08 30 10",3,"2014"," 08"," 30"," 10"
"2014 08 30 11",14,"2014"," 08"," 30"," 11"
"2014 08 30 12",4,"2014"," 08"," 30"," 12"
"2014 08 30 13",3,"2014"," 08"," 30"," 13"
"2014 09 01 08",9,"2014"," 09"," 01"," 08"
"2014 09 01 09",5,"2014"," 09"," 01"," 09"
"2014 09 01 10",7,"2014"," 09"," 01"," 10"
"2014 09 01 11",15,"2014"," 09"," 01"," 11"
"2014 09 01 12",22,"2014"," 09"," 01"," 12"
"2014 09 01 13",21,"2014"," 09"," 01"," 13"
"2014 09 01 14",15,"2014"," 09"," 01"," 14"
"2014 09 01 15",21,"2014"," 09"," 01"," 15"
"2014 09 01 16",12,"2014"," 09"," 01"," 16"
"2014 09 01 17",30,"2014"," 09"," 01"," 17"
"2014 09 01 18",14,"2014"," 09"," 01"," 18"
"2014 09 01 19",2,"2014"," 09"," 01"," 19"
"2014 09 02 08",5,"2014"," 09"," 02"," 08"
"2014 09 02 09",15,"2014"," 09"," 02"," 09"
"2014 09 02 10",13,"2014"," 09"," 02"," 10"
"2014 09 02 11",11,"2014"," 09"," 02"," 11"
"2014 09 02 12",16,"2014"," 09"," 02"," 12"
"2014 09 02 13",31,"2014"," 09"," 02"," 13"
"2014 09 02 14",19,"2014"," 09"," 02"," 14"
"2014 09 02 15",16,"2014"," 09"," 02"," 15"
"2014 09 02 16",9,"2014"," 09"," 02"," 16"
"2014 09 02 17",15,"2014"," 09"," 02"," 17"
"2014 09 02 18",29,"2014"," 09"," 02"," 18"
"2014 09 02 19",9,"2014"," 09"," 02"," 19"
"2014 09 03 09",8,"2014"," 09"," 03"," 09"
"2014 09 03 10",9,"2014"," 09"," 03"," 10"
"2014 09 03 11",12,"2014"," 09"," 03"," 11"
"2014 09 03 12",19,"2014"," 09"," 03"," 12"
"2014 09 03 13",22,"2014"," 09"," 03"," 13"
"2014 09 03 14",25,"2014"," 09"," 03"," 14"
"2014 09 03 15",20,"2014"," 09"," 03"," 15"
"2014 09 03 16",13,"2014"," 09"," 03"," 16"
"2014 09 03 17",24,"2014"," 09"," 03"," 17"
"2014 09 03 18",29,"2014"," 09"," 03"," 18"
"2014 09 03 19",5,"2014"," 09"," 03"," 19"
"2014 09 04 08",3,"2014"," 09"," 04"," 08"
"2014 09 04 09",8,"2014"," 09"," 04"," 09"
"2014 09 04 10",23,"2014"," 09"," 04"," 10"
"2014 09 04 11",11,"2014"," 09"," 04"," 11"
"2014 09 04 12",17,"2014"," 09"," 04"," 12"
"2014 09 04 13",27,"2014"," 09"," 04"," 13"
"2014 09 04 14",26,"2014"," 09"," 04"," 14"
"2014 09 04 15",6,"2014"," 09"," 04"," 15"
"2014 09 04 16",18,"2014"," 09"," 04"," 16"
"2014 09 04 17",26,"2014"," 09"," 04"," 17"
"2014 09 04 18",23,"2014"," 09"," 04"," 18"
"2014 09 04 19",6,"2014"," 09"," 04"," 19"
"2014 09 04 20",1,"2014"," 09"," 04"," 20"
"2014 09 05 08",4,"2014"," 09"," 05"," 08"
"2014 09 05 09",12,"2014"," 09"," 05"," 09"
"2014 09 05 10",18,"2014"," 09"," 05"," 10"
"2014 09 05 11",32,"2014"," 09"," 05"," 11"
"2014 09 05 12",22,"2014"," 09"," 05"," 12"
"2014 09 05 13",21,"2014"," 09"," 05"," 13"
"2014 09 05 14",17,"2014"," 09"," 05"," 14"
"2014 09 05 15",33,"2014"," 09"," 05"," 15"
"2014 09 05 16",13,"2014"," 09"," 05"," 16"
"2014 09 05 17",36,"2014"," 09"," 05"," 17"
"2014 09 05 18",39,"2014"," 09"," 05"," 18"
"2014 09 05 19",6,"2014"," 09"," 05"," 19"
"2014 09 06 09",16,"2014"," 09"," 06"," 09"
"2014 09 06 10",15,"2014"," 09"," 06"," 10"
"2014 09 06 11",3,"2014"," 09"," 06"," 11"
"2014 09 06 12",9,"2014"," 09"," 06"," 12"
"2014 09 06 13",11,"2014"," 09"," 06"," 13"
"2014 09 06 14",2,"2014"," 09"," 06"," 14"
"2014 09 08 08",2,"2014"," 09"," 08"," 08"
"2014 09 08 09",4,"2014"," 09"," 08"," 09"
"2014 09 08 10",13,"2014"," 09"," 08"," 10"
"2014 09 08 11",25,"2014"," 09"," 08"," 11"
"2014 09 08 12",37,"2014"," 09"," 08"," 12"
"2014 09 08 13",23,"2014"," 09"," 08"," 13"
"2014 09 08 14",23,"2014"," 09"," 08"," 14"
"2014 09 08 15",30,"2014"," 09"," 08"," 15"
"2014 09 08 16",27,"2014"," 09"," 08"," 16"
"2014 09 08 17",23,"2014"," 09"," 08"," 17"
"2014 09 08 18",32,"2014"," 09"," 08"," 18"
"2014 09 08 19",19,"2014"," 09"," 08"," 19"
"2014 09 09 09",29,"2014"," 09"," 09"," 09"
"2014 09 09 10",15,"2014"," 09"," 09"," 10"
"2014 09 09 11",15,"2014"," 09"," 09"," 11"
"2014 09 09 12",13,"2014"," 09"," 09"," 12"
"2014 09 09 13",17,"2014"," 09"," 09"," 13"
"2014 09 09 14",18,"2014"," 09"," 09"," 14"
"2014 09 09 15",17,"2014"," 09"," 09"," 15"
"2014 09 09 16",21,"2014"," 09"," 09"," 16"
"2014 09 09 17",19,"2014"," 09"," 09"," 17"
"2014 09 09 18",17,"2014"," 09"," 09"," 18"
"2014 09 09 19",8,"2014"," 09"," 09"," 19"
"2014 09 10 08",7,"2014"," 09"," 10"," 08"
"2014 09 10 09",13,"2014"," 09"," 10"," 09"
"2014 09 10 10",27,"2014"," 09"," 10"," 10"
"2014 09 10 11",11,"2014"," 09"," 10"," 11"
"2014 09 10 12",16,"2014"," 09"," 10"," 12"
"2014 09 10 13",21,"2014"," 09"," 10"," 13"
"2014 09 10 14",32,"2014"," 09"," 10"," 14"
"2014 09 10 15",26,"2014"," 09"," 10"," 15"
"2014 09 10 16",22,"2014"," 09"," 10"," 16"
"2014 09 10 17",10,"2014"," 09"," 10"," 17"
"2014 09 10 18",14,"2014"," 09"," 10"," 18"
"2014 09 10 19",7,"2014"," 09"," 10"," 19"
"2014 09 10 20",1,"2014"," 09"," 10"," 20"
"2014 09 11 08",8,"2014"," 09"," 11"," 08"
"2014 09 11 09",10,"2014"," 09"," 11"," 09"
"2014 09 11 10",7,"2014"," 09"," 11"," 10"
"2014 09 11 11",12,"2014"," 09"," 11"," 11"
"2014 09 11 12",15,"2014"," 09"," 11"," 12"
"2014 09 11 13",44,"2014"," 09"," 11"," 13"
"2014 09 11 14",20,"2014"," 09"," 11"," 14"
"2014 09 11 15",24,"2014"," 09"," 11"," 15"
"2014 09 11 16",16,"2014"," 09"," 11"," 16"
"2014 09 11 17",15,"2014"," 09"," 11"," 17"
"2014 09 11 18",30,"2014"," 09"," 11"," 18"
"2014 09 11 19",5,"2014"," 09"," 11"," 19"
"2014 09 11 20",2,"2014"," 09"," 11"," 20"
"2014 09 12 08",3,"2014"," 09"," 12"," 08"
"2014 09 12 09",5,"2014"," 09"," 12"," 09"
"2014 09 12 10",15,"2014"," 09"," 12"," 10"
"2014 09 12 11",25,"2014"," 09"," 12"," 11"
"2014 09 12 12",9,"2014"," 09"," 12"," 12"
"2014 09 12 13",19,"2014"," 09"," 12"," 13"
"2014 09 12 14",24,"2014"," 09"," 12"," 14"
"2014 09 12 15",32,"2014"," 09"," 12"," 15"
"2014 09 12 16",19,"2014"," 09"," 12"," 16"
"2014 09 12 17",8,"2014"," 09"," 12"," 17"
"2014 09 12 18",22,"2014"," 09"," 12"," 18"
"2014 09 12 19",4,"2014"," 09"," 12"," 19"
"2014 09 13 09",14,"2014"," 09"," 13"," 09"
"2014 09 13 10",14,"2014"," 09"," 13"," 10"
"2014 09 13 11",24,"2014"," 09"," 13"," 11"
"2014 09 13 12",8,"2014"," 09"," 13"," 12"
"2014 09 13 13",17,"2014"," 09"," 13"," 13"
"2014 09 13 14",3,"2014"," 09"," 13"," 14"
"2014 09 15 08",4,"2014"," 09"," 15"," 08"
"2014 09 15 09",7,"2014"," 09"," 15"," 09"
"2014 09 15 10",10,"2014"," 09"," 15"," 10"
"2014 09 15 11",20,"2014"," 09"," 15"," 11"
"2014 09 15 12",22,"2014"," 09"," 15"," 12"
"2014 09 15 13",19,"2014"," 09"," 15"," 13"
"2014 09 15 14",36,"2014"," 09"," 15"," 14"
"2014 09 15 15",25,"2014"," 09"," 15"," 15"
"2014 09 15 16",11,"2014"," 09"," 15"," 16"
"2014 09 15 17",12,"2014"," 09"," 15"," 17"
"2014 09 15 18",15,"2014"," 09"," 15"," 18"
"2014 09 15 19",13,"2014"," 09"," 15"," 19"
"2014 09 15 20",2,"2014"," 09"," 15"," 20"
"2014 09 16 08",3,"2014"," 09"," 16"," 08"
"2014 09 16 09",13,"2014"," 09"," 16"," 09"
"2014 09 16 10",9,"2014"," 09"," 16"," 10"
"2014 09 16 11",13,"2014"," 09"," 16"," 11"
"2014 09 16 12",25,"2014"," 09"," 16"," 12"
"2014 09 16 13",34,"2014"," 09"," 16"," 13"
"2014 09 16 14",18,"2014"," 09"," 16"," 14"
"2014 09 16 15",39,"2014"," 09"," 16"," 15"
"2014 09 16 16",28,"2014"," 09"," 16"," 16"
"2014 09 16 17",16,"2014"," 09"," 16"," 17"
"2014 09 16 18",22,"2014"," 09"," 16"," 18"
"2014 09 16 19",10,"2014"," 09"," 16"," 19"
"2014 09 17 08",5,"2014"," 09"," 17"," 08"
"2014 09 17 09",6,"2014"," 09"," 17"," 09"
"2014 09 17 10",18,"2014"," 09"," 17"," 10"
"2014 09 17 11",28,"2014"," 09"," 17"," 11"
"2014 09 17 12",20,"2014"," 09"," 17"," 12"
"2014 09 17 13",19,"2014"," 09"," 17"," 13"
"2014 09 17 14",13,"2014"," 09"," 17"," 14"
"2014 09 17 15",18,"2014"," 09"," 17"," 15"
"2014 09 17 16",8,"2014"," 09"," 17"," 16"
"2014 09 17 17",28,"2014"," 09"," 17"," 17"
"2014 09 17 18",23,"2014"," 09"," 17"," 18"
"2014 09 17 19",12,"2014"," 09"," 17"," 19"
"2014 09 18 08",5,"2014"," 09"," 18"," 08"
"2014 09 18 09",5,"2014"," 09"," 18"," 09"
"2014 09 18 10",12,"2014"," 09"," 18"," 10"
"2014 09 18 11",18,"2014"," 09"," 18"," 11"
"2014 09 18 12",23,"2014"," 09"," 18"," 12"
"2014 09 18 13",25,"2014"," 09"," 18"," 13"
"2014 09 18 14",23,"2014"," 09"," 18"," 14"
"2014 09 18 15",20,"2014"," 09"," 18"," 15"
"2014 09 18 16",17,"2014"," 09"," 18"," 16"
"2014 09 18 17",14,"2014"," 09"," 18"," 17"
"2014 09 18 18",18,"2014"," 09"," 18"," 18"
"2014 09 18 19",2,"2014"," 09"," 18"," 19"
"2014 09 19 08",6,"2014"," 09"," 19"," 08"
"2014 09 19 09",9,"2014"," 09"," 19"," 09"
"2014 09 19 10",17,"2014"," 09"," 19"," 10"
"2014 09 19 11",11,"2014"," 09"," 19"," 11"
"2014 09 19 12",15,"2014"," 09"," 19"," 12"
"2014 09 19 13",19,"2014"," 09"," 19"," 13"
"2014 09 19 14",16,"2014"," 09"," 19"," 14"
"2014 09 19 15",18,"2014"," 09"," 19"," 15"
"2014 09 19 16",23,"2014"," 09"," 19"," 16"
"2014 09 19 17",16,"2014"," 09"," 19"," 17"
"2014 09 19 18",19,"2014"," 09"," 19"," 18"
"2014 09 19 19",2,"2014"," 09"," 19"," 19"
"2014 09 20 09",6,"2014"," 09"," 20"," 09"
"2014 09 20 10",6,"2014"," 09"," 20"," 10"
"2014 09 20 11",9,"2014"," 09"," 20"," 11"
"2014 09 20 12",11,"2014"," 09"," 20"," 12"
"2014 09 20 13",25,"2014"," 09"," 20"," 13"
"2014 09 20 14",3,"2014"," 09"," 20"," 14"
"2014 09 22 08",8,"2014"," 09"," 22"," 08"
"2014 09 22 09",8,"2014"," 09"," 22"," 09"
"2014 09 22 10",15,"2014"," 09"," 22"," 10"
"2014 09 22 11",6,"2014"," 09"," 22"," 11"
"2014 09 22 12",33,"2014"," 09"," 22"," 12"
"2014 09 22 13",25,"2014"," 09"," 22"," 13"
"2014 09 22 14",30,"2014"," 09"," 22"," 14"
"2014 09 22 15",21,"2014"," 09"," 22"," 15"
"2014 09 22 16",40,"2014"," 09"," 22"," 16"
"2014 09 22 17",26,"2014"," 09"," 22"," 17"
"2014 09 22 18",17,"2014"," 09"," 22"," 18"
"2014 09 22 19",1,"2014"," 09"," 22"," 19"
"2014 09 23 08",4,"2014"," 09"," 23"," 08"
"2014 09 23 09",16,"2014"," 09"," 23"," 09"
"2014 09 23 10",21,"2014"," 09"," 23"," 10"
"2014 09 23 11",19,"2014"," 09"," 23"," 11"
"2014 09 23 12",19,"2014"," 09"," 23"," 12"
"2014 09 23 13",11,"2014"," 09"," 23"," 13"
"2014 09 23 14",22,"2014"," 09"," 23"," 14"
"2014 09 23 15",21,"2014"," 09"," 23"," 15"
"2014 09 23 16",18,"2014"," 09"," 23"," 16"
"2014 09 23 17",12,"2014"," 09"," 23"," 17"
"2014 09 23 18",25,"2014"," 09"," 23"," 18"
"2014 09 23 19",3,"2014"," 09"," 23"," 19"
"2014 09 24 08",5,"2014"," 09"," 24"," 08"
"2014 09 24 09",14,"2014"," 09"," 24"," 09"
"2014 09 24 10",16,"2014"," 09"," 24"," 10"
"2014 09 24 11",30,"2014"," 09"," 24"," 11"
"2014 09 24 12",13,"2014"," 09"," 24"," 12"
"2014 09 24 13",25,"2014"," 09"," 24"," 13"
"2014 09 24 14",9,"2014"," 09"," 24"," 14"
"2014 09 24 15",14,"2014"," 09"," 24"," 15"
"2014 09 24 16",16,"2014"," 09"," 24"," 16"
"2014 09 24 17",19,"2014"," 09"," 24"," 17"
"2014 09 24 18",19,"2014"," 09"," 24"," 18"
"2014 09 24 19",5,"2014"," 09"," 24"," 19"
"2014 09 25 08",1,"2014"," 09"," 25"," 08"
"2014 09 25 09",15,"2014"," 09"," 25"," 09"
"2014 09 25 10",18,"2014"," 09"," 25"," 10"
"2014 09 25 11",13,"2014"," 09"," 25"," 11"
"2014 09 25 12",10,"2014"," 09"," 25"," 12"
"2014 09 25 13",33,"2014"," 09"," 25"," 13"
"2014 09 25 14",23,"2014"," 09"," 25"," 14"
"2014 09 25 15",18,"2014"," 09"," 25"," 15"
"2014 09 25 16",18,"2014"," 09"," 25"," 16"
"2014 09 25 17",24,"2014"," 09"," 25"," 17"
"2014 09 25 18",21,"2014"," 09"," 25"," 18"
"2014 09 25 19",10,"2014"," 09"," 25"," 19"
"2014 09 26 08",13,"2014"," 09"," 26"," 08"
"2014 09 26 09",8,"2014"," 09"," 26"," 09"
"2014 09 26 10",7,"2014"," 09"," 26"," 10"
"2014 09 26 11",11,"2014"," 09"," 26"," 11"
"2014 09 26 12",25,"2014"," 09"," 26"," 12"
"2014 09 26 13",29,"2014"," 09"," 26"," 13"
"2014 09 26 14",14,"2014"," 09"," 26"," 14"
"2014 09 26 15",11,"2014"," 09"," 26"," 15"
"2014 09 26 16",23,"2014"," 09"," 26"," 16"
"2014 09 26 17",33,"2014"," 09"," 26"," 17"
"2014 09 26 18",13,"2014"," 09"," 26"," 18"
"2014 09 26 19",6,"2014"," 09"," 26"," 19"
"2014 09 27 09",8,"2014"," 09"," 27"," 09"
"2014 09 27 10",5,"2014"," 09"," 27"," 10"
"2014 09 27 11",7,"2014"," 09"," 27"," 11"
"2014 09 27 12",10,"2014"," 09"," 27"," 12"
"2014 09 27 13",23,"2014"," 09"," 27"," 13"
"2014 09 27 15",1,"2014"," 09"," 27"," 15"
"2014 09 29 08",1,"2014"," 09"," 29"," 08"
"2014 09 29 09",18,"2014"," 09"," 29"," 09"
"2014 09 29 10",14,"2014"," 09"," 29"," 10"
"2014 09 29 11",18,"2014"," 09"," 29"," 11"
"2014 09 29 12",7,"2014"," 09"," 29"," 12"
"2014 09 29 13",27,"2014"," 09"," 29"," 13"
"2014 09 29 14",20,"2014"," 09"," 29"," 14"
"2014 09 29 15",21,"2014"," 09"," 29"," 15"
"2014 09 29 16",18,"2014"," 09"," 29"," 16"
"2014 09 29 17",20,"2014"," 09"," 29"," 17"
"2014 09 29 18",14,"2014"," 09"," 29"," 18"
"2014 09 29 19",14,"2014"," 09"," 29"," 19"
"2014 09 30 08",5,"2014"," 09"," 30"," 08"
"2014 09 30 09",7,"2014"," 09"," 30"," 09"
"2014 09 30 10",9,"2014"," 09"," 30"," 10"
"2014 09 30 11",11,"2014"," 09"," 30"," 11"
"2014 09 30 12",10,"2014"," 09"," 30"," 12"
"2014 09 30 13",9,"2014"," 09"," 30"," 13"
"2014 09 30 14",12,"2014"," 09"," 30"," 14"
"2014 09 30 15",10,"2014"," 09"," 30"," 15"
"2014 09 30 16",20,"2014"," 09"," 30"," 16"
"2014 09 30 17",19,"2014"," 09"," 30"," 17"
"2014 09 30 18",40,"2014"," 09"," 30"," 18"
"2014 09 30 19",16,"2014"," 09"," 30"," 19"
"2014 10 01 09",8,"2014"," 10"," 01"," 09"
"2014 10 01 10",10,"2014"," 10"," 01"," 10"
"2014 10 01 11",14,"2014"," 10"," 01"," 11"
"2014 10 01 12",16,"2014"," 10"," 01"," 12"
"2014 10 01 13",13,"2014"," 10"," 01"," 13"
"2014 10 01 14",27,"2014"," 10"," 01"," 14"
"2014 10 01 15",1,"2014"," 10"," 01"," 15"
"2014 10 01 16",10,"2014"," 10"," 01"," 16"
"2014 10 01 17",29,"2014"," 10"," 01"," 17"
"2014 10 01 18",20,"2014"," 10"," 01"," 18"
"2014 10 01 19",10,"2014"," 10"," 01"," 19"
"2014 10 01 20",1,"2014"," 10"," 01"," 20"
"2014 10 02 08",6,"2014"," 10"," 02"," 08"
"2014 10 02 09",12,"2014"," 10"," 02"," 09"
"2014 10 02 10",16,"2014"," 10"," 02"," 10"
"2014 10 02 11",13,"2014"," 10"," 02"," 11"
"2014 10 02 12",15,"2014"," 10"," 02"," 12"
"2014 10 02 13",18,"2014"," 10"," 02"," 13"
"2014 10 02 14",3,"2014"," 10"," 02"," 14"
"2014 10 02 15",13,"2014"," 10"," 02"," 15"
"2014 10 02 16",11,"2014"," 10"," 02"," 16"
"2014 10 02 17",19,"2014"," 10"," 02"," 17"
"2014 10 02 18",6,"2014"," 10"," 02"," 18"
"2014 10 03 08",6,"2014"," 10"," 03"," 08"
"2014 10 03 09",7,"2014"," 10"," 03"," 09"
"2014 10 03 10",18,"2014"," 10"," 03"," 10"
"2014 10 03 11",12,"2014"," 10"," 03"," 11"
"2014 10 03 12",23,"2014"," 10"," 03"," 12"
"2014 10 03 13",31,"2014"," 10"," 03"," 13"
"2014 10 03 14",15,"2014"," 10"," 03"," 14"
"2014 10 03 15",29,"2014"," 10"," 03"," 15"
"2014 10 03 16",25,"2014"," 10"," 03"," 16"
"2014 10 03 17",34,"2014"," 10"," 03"," 17"
"2014 10 03 18",17,"2014"," 10"," 03"," 18"
"2014 10 03 19",1,"2014"," 10"," 03"," 19"
"2014 10 04 09",10,"2014"," 10"," 04"," 09"
"2014 10 04 10",12,"2014"," 10"," 04"," 10"
"2014 10 04 11",18,"2014"," 10"," 04"," 11"
"2014 10 04 12",12,"2014"," 10"," 04"," 12"
"2014 10 04 13",15,"2014"," 10"," 04"," 13"
"2014 10 04 14",1,"2014"," 10"," 04"," 14"
"2014 10 06 10",15,"2014"," 10"," 06"," 10"
"2014 10 06 11",30,"2014"," 10"," 06"," 11"
"2014 10 06 12",38,"2014"," 10"," 06"," 12"
"2014 10 06 13",45,"2014"," 10"," 06"," 13"
"2014 10 06 14",14,"2014"," 10"," 06"," 14"
"2014 10 06 15",16,"2014"," 10"," 06"," 15"
"2014 10 06 16",8,"2014"," 10"," 06"," 16"
"2014 10 06 17",28,"2014"," 10"," 06"," 17"
"2014 10 06 18",12,"2014"," 10"," 06"," 18"
"2014 10 07 08",2,"2014"," 10"," 07"," 08"
"2014 10 07 09",13,"2014"," 10"," 07"," 09"
"2014 10 07 10",14,"2014"," 10"," 07"," 10"
"2014 10 07 11",32,"2014"," 10"," 07"," 11"
"2014 10 07 12",23,"2014"," 10"," 07"," 12"
"2014 10 07 13",14,"2014"," 10"," 07"," 13"
"2014 10 07 14",19,"2014"," 10"," 07"," 14"
"2014 10 07 15",11,"2014"," 10"," 07"," 15"
"2014 10 07 16",21,"2014"," 10"," 07"," 16"
"2014 10 07 17",18,"2014"," 10"," 07"," 17"
"2014 10 07 18",27,"2014"," 10"," 07"," 18"
"2014 10 07 19",6,"2014"," 10"," 07"," 19"
"2014 10 07 20",1,"2014"," 10"," 07"," 20"
"2014 10 08 08",3,"2014"," 10"," 08"," 08"
"2014 10 08 09",10,"2014"," 10"," 08"," 09"
"2014 10 08 10",10,"2014"," 10"," 08"," 10"
"2014 10 08 11",20,"2014"," 10"," 08"," 11"
"2014 10 08 12",29,"2014"," 10"," 08"," 12"
"2014 10 08 13",28,"2014"," 10"," 08"," 13"
"2014 10 08 14",15,"2014"," 10"," 08"," 14"
"2014 10 08 15",18,"2014"," 10"," 08"," 15"
"2014 10 08 16",15,"2014"," 10"," 08"," 16"
"2014 10 08 17",20,"2014"," 10"," 08"," 17"
"2014 10 08 18",19,"2014"," 10"," 08"," 18"
"2014 10 08 19",7,"2014"," 10"," 08"," 19"
"2014 10 09 08",1,"2014"," 10"," 09"," 08"
"2014 10 09 09",11,"2014"," 10"," 09"," 09"
"2014 10 09 10",3,"2014"," 10"," 09"," 10"
"2014 10 09 11",29,"2014"," 10"," 09"," 11"
"2014 10 09 12",20,"2014"," 10"," 09"," 12"
"2014 10 09 13",31,"2014"," 10"," 09"," 13"
"2014 10 09 14",12,"2014"," 10"," 09"," 14"
"2014 10 09 15",19,"2014"," 10"," 09"," 15"
"2014 10 09 16",19,"2014"," 10"," 09"," 16"
"2014 10 09 17",33,"2014"," 10"," 09"," 17"
"2014 10 09 18",13,"2014"," 10"," 09"," 18"
"2014 10 09 19",2,"2014"," 10"," 09"," 19"
"2014 10 10 08",2,"2014"," 10"," 10"," 08"
"2014 10 10 09",5,"2014"," 10"," 10"," 09"
"2014 10 10 10",6,"2014"," 10"," 10"," 10"
"2014 10 10 11",8,"2014"," 10"," 10"," 11"
"2014 10 10 12",19,"2014"," 10"," 10"," 12"
"2014 10 10 13",13,"2014"," 10"," 10"," 13"
"2014 10 10 14",10,"2014"," 10"," 10"," 14"
"2014 10 10 15",34,"2014"," 10"," 10"," 15"
"2014 10 10 16",8,"2014"," 10"," 10"," 16"
"2014 10 10 17",17,"2014"," 10"," 10"," 17"
"2014 10 10 18",28,"2014"," 10"," 10"," 18"
"2014 10 10 19",7,"2014"," 10"," 10"," 19"
"2014 10 11 09",6,"2014"," 10"," 11"," 09"
"2014 10 11 10",6,"2014"," 10"," 11"," 10"
"2014 10 11 11",11,"2014"," 10"," 11"," 11"
"2014 10 11 12",15,"2014"," 10"," 11"," 12"
"2014 10 11 13",13,"2014"," 10"," 11"," 13"
"2014 10 13 08",3,"2014"," 10"," 13"," 08"
"2014 10 13 10",8,"2014"," 10"," 13"," 10"
"2014 10 13 11",10,"2014"," 10"," 13"," 11"
"2014 10 13 12",23,"2014"," 10"," 13"," 12"
"2014 10 13 13",32,"2014"," 10"," 13"," 13"
"2014 10 13 14",26,"2014"," 10"," 13"," 14"
"2014 10 13 15",15,"2014"," 10"," 13"," 15"
"2014 10 13 16",22,"2014"," 10"," 13"," 16"
"2014 10 13 17",15,"2014"," 10"," 13"," 17"
"2014 10 13 18",10,"2014"," 10"," 13"," 18"
"2014 10 13 19",10,"2014"," 10"," 13"," 19"
"2014 10 14 10",12,"2014"," 10"," 14"," 10"
"2014 10 14 11",16,"2014"," 10"," 14"," 11"
"2014 10 14 12",11,"2014"," 10"," 14"," 12"
"2014 10 14 13",23,"2014"," 10"," 14"," 13"
"2014 10 14 14",18,"2014"," 10"," 14"," 14"
"2014 10 14 15",16,"2014"," 10"," 14"," 15"
"2014 10 14 16",17,"2014"," 10"," 14"," 16"
"2014 10 14 17",15,"2014"," 10"," 14"," 17"
"2014 10 14 18",10,"2014"," 10"," 14"," 18"
"2014 10 14 19",6,"2014"," 10"," 14"," 19"
"2014 10 15 08",5,"2014"," 10"," 15"," 08"
"2014 10 15 09",12,"2014"," 10"," 15"," 09"
"2014 10 15 10",13,"2014"," 10"," 15"," 10"
"2014 10 15 11",25,"2014"," 10"," 15"," 11"
"2014 10 15 12",28,"2014"," 10"," 15"," 12"
"2014 10 15 13",30,"2014"," 10"," 15"," 13"
"2014 10 15 14",21,"2014"," 10"," 15"," 14"
"2014 10 15 15",23,"2014"," 10"," 15"," 15"
"2014 10 15 16",15,"2014"," 10"," 15"," 16"
"2014 10 15 17",6,"2014"," 10"," 15"," 17"
"2014 10 15 18",15,"2014"," 10"," 15"," 18"
"2014 10 15 19",3,"2014"," 10"," 15"," 19"
"2014 10 16 08",2,"2014"," 10"," 16"," 08"
"2014 10 16 09",4,"2014"," 10"," 16"," 09"
"2014 10 16 10",13,"2014"," 10"," 16"," 10"
"2014 10 16 11",11,"2014"," 10"," 16"," 11"
"2014 10 16 12",24,"2014"," 10"," 16"," 12"
"2014 10 16 13",20,"2014"," 10"," 16"," 13"
"2014 10 16 14",12,"2014"," 10"," 16"," 14"
"2014 10 16 15",13,"2014"," 10"," 16"," 15"
"2014 10 16 16",9,"2014"," 10"," 16"," 16"
"2014 10 16 17",17,"2014"," 10"," 16"," 17"
"2014 10 16 18",13,"2014"," 10"," 16"," 18"
"2014 10 17 09",18,"2014"," 10"," 17"," 09"
"2014 10 17 10",17,"2014"," 10"," 17"," 10"
"2014 10 17 11",15,"2014"," 10"," 17"," 11"
"2014 10 17 12",21,"2014"," 10"," 17"," 12"
"2014 10 17 13",17,"2014"," 10"," 17"," 13"
"2014 10 17 14",16,"2014"," 10"," 17"," 14"
"2014 10 17 15",23,"2014"," 10"," 17"," 15"
"2014 10 17 16",9,"2014"," 10"," 17"," 16"
"2014 10 17 17",14,"2014"," 10"," 17"," 17"
"2014 10 17 18",8,"2014"," 10"," 17"," 18"
"2014 10 17 19",6,"2014"," 10"," 17"," 19"
"2014 10 18 09",5,"2014"," 10"," 18"," 09"
"2014 10 18 10",4,"2014"," 10"," 18"," 10"
"2014 10 18 11",23,"2014"," 10"," 18"," 11"
"2014 10 18 12",18,"2014"," 10"," 18"," 12"
"2014 10 18 13",10,"2014"," 10"," 18"," 13"
"2014 10 20 08",2,"2014"," 10"," 20"," 08"
"2014 10 20 09",8,"2014"," 10"," 20"," 09"
"2014 10 20 10",6,"2014"," 10"," 20"," 10"
"2014 10 20 11",21,"2014"," 10"," 20"," 11"
"2014 10 20 12",28,"2014"," 10"," 20"," 12"
"2014 10 20 13",21,"2014"," 10"," 20"," 13"
"2014 10 20 14",15,"2014"," 10"," 20"," 14"
"2014 10 20 15",26,"2014"," 10"," 20"," 15"
"2014 10 20 16",30,"2014"," 10"," 20"," 16"
"2014 10 20 17",6,"2014"," 10"," 20"," 17"
"2014 10 20 18",39,"2014"," 10"," 20"," 18"
"2014 10 20 19",2,"2014"," 10"," 20"," 19"
"2014 10 21 08",3,"2014"," 10"," 21"," 08"
"2014 10 21 09",25,"2014"," 10"," 21"," 09"
"2014 10 21 10",16,"2014"," 10"," 21"," 10"
"2014 10 21 11",30,"2014"," 10"," 21"," 11"
"2014 10 21 12",27,"2014"," 10"," 21"," 12"
"2014 10 21 13",27,"2014"," 10"," 21"," 13"
"2014 10 21 14",16,"2014"," 10"," 21"," 14"
"2014 10 21 15",19,"2014"," 10"," 21"," 15"
"2014 10 21 16",24,"2014"," 10"," 21"," 16"
"2014 10 21 17",22,"2014"," 10"," 21"," 17"
"2014 10 21 18",12,"2014"," 10"," 21"," 18"
"2014 10 21 19",9,"2014"," 10"," 21"," 19"
"2014 10 22 09",12,"2014"," 10"," 22"," 09"
"2014 10 22 10",15,"2014"," 10"," 22"," 10"
"2014 10 22 11",15,"2014"," 10"," 22"," 11"
"2014 10 22 12",16,"2014"," 10"," 22"," 12"
"2014 10 22 13",19,"2014"," 10"," 22"," 13"
"2014 10 22 14",33,"2014"," 10"," 22"," 14"
"2014 10 22 15",7,"2014"," 10"," 22"," 15"
"2014 10 22 16",3,"2014"," 10"," 22"," 16"
"2014 10 27 10",3,"2014"," 10"," 27"," 10"
"2014 10 27 13",9,"2014"," 10"," 27"," 13"
"2014 10 27 14",30,"2014"," 10"," 27"," 14"
"2014 10 27 15",43,"2014"," 10"," 27"," 15"
"2014 10 27 16",40,"2014"," 10"," 27"," 16"
"2014 10 27 17",33,"2014"," 10"," 27"," 17"
"2014 10 27 18",27,"2014"," 10"," 27"," 18"
"2014 10 27 19",13,"2014"," 10"," 27"," 19"
"2014 10 28 08",3,"2014"," 10"," 28"," 08"
"2014 10 28 09",23,"2014"," 10"," 28"," 09"
"2014 10 28 10",20,"2014"," 10"," 28"," 10"
"2014 10 28 11",19,"2014"," 10"," 28"," 11"
"2014 10 28 12",25,"2014"," 10"," 28"," 12"
"2014 10 28 13",22,"2014"," 10"," 28"," 13"
"2014 10 28 14",43,"2014"," 10"," 28"," 14"
"2014 10 28 15",12,"2014"," 10"," 28"," 15"
"2014 10 28 16",29,"2014"," 10"," 28"," 16"
"2014 10 28 17",13,"2014"," 10"," 28"," 17"
"2014 10 28 18",22,"2014"," 10"," 28"," 18"
"2014 10 28 19",9,"2014"," 10"," 28"," 19"
"2014 10 29 08",8,"2014"," 10"," 29"," 08"
"2014 10 29 09",10,"2014"," 10"," 29"," 09"
"2014 10 29 10",21,"2014"," 10"," 29"," 10"
"2014 10 29 11",23,"2014"," 10"," 29"," 11"
"2014 10 29 12",34,"2014"," 10"," 29"," 12"
"2014 10 29 13",20,"2014"," 10"," 29"," 13"
"2014 10 29 14",32,"2014"," 10"," 29"," 14"
"2014 10 29 15",22,"2014"," 10"," 29"," 15"
"2014 10 29 16",6,"2014"," 10"," 29"," 16"
"2014 10 29 17",16,"2014"," 10"," 29"," 17"
"2014 10 29 18",12,"2014"," 10"," 29"," 18"
"2014 10 29 19",9,"2014"," 10"," 29"," 19"
"2014 10 30 08",9,"2014"," 10"," 30"," 08"
"2014 10 30 09",9,"2014"," 10"," 30"," 09"
"2014 10 30 10",18,"2014"," 10"," 30"," 10"
"2014 10 30 11",10,"2014"," 10"," 30"," 11"
"2014 10 30 12",41,"2014"," 10"," 30"," 12"
"2014 10 30 13",14,"2014"," 10"," 30"," 13"
"2014 10 30 14",28,"2014"," 10"," 30"," 14"
"2014 10 30 15",23,"2014"," 10"," 30"," 15"
"2014 10 30 16",21,"2014"," 10"," 30"," 16"
"2014 10 30 17",4,"2014"," 10"," 30"," 17"
"2014 10 30 18",12,"2014"," 10"," 30"," 18"
"2014 10 30 19",6,"2014"," 10"," 30"," 19"
"2014 10 31 08",1,"2014"," 10"," 31"," 08"
"2014 10 31 09",14,"2014"," 10"," 31"," 09"
"2014 10 31 10",20,"2014"," 10"," 31"," 10"
"2014 10 31 11",18,"2014"," 10"," 31"," 11"
"2014 10 31 12",20,"2014"," 10"," 31"," 12"
"2014 10 31 13",36,"2014"," 10"," 31"," 13"
"2014 10 31 14",32,"2014"," 10"," 31"," 14"
"2014 10 31 15",10,"2014"," 10"," 31"," 15"
"2014 10 31 16",15,"2014"," 10"," 31"," 16"
"2014 10 31 17",22,"2014"," 10"," 31"," 17"
"2014 10 31 18",10,"2014"," 10"," 31"," 18"
"2014 10 31 19",3,"2014"," 10"," 31"," 19"
"2014 10 31 23",2,"2014"," 10"," 31"," 23"
"2014 11 01 09",14,"2014"," 11"," 01"," 09"
"2014 11 01 10",16,"2014"," 11"," 01"," 10"
"2014 11 01 11",14,"2014"," 11"," 01"," 11"
"2014 11 01 12",15,"2014"," 11"," 01"," 12"
"2014 11 01 13",30,"2014"," 11"," 01"," 13"
"2014 11 01 14",1,"2014"," 11"," 01"," 14"
"2014 11 05 08",6,"2014"," 11"," 05"," 08"
"2014 11 05 09",6,"2014"," 11"," 05"," 09"
"2014 11 05 10",16,"2014"," 11"," 05"," 10"
"2014 11 05 11",28,"2014"," 11"," 05"," 11"
"2014 11 05 12",23,"2014"," 11"," 05"," 12"
"2014 11 05 13",28,"2014"," 11"," 05"," 13"
"2014 11 05 14",23,"2014"," 11"," 05"," 14"
"2014 11 05 15",35,"2014"," 11"," 05"," 15"
"2014 11 05 16",19,"2014"," 11"," 05"," 16"
"2014 11 05 17",31,"2014"," 11"," 05"," 17"
"2014 11 05 18",21,"2014"," 11"," 05"," 18"
"2014 11 05 19",19,"2014"," 11"," 05"," 19"
"2014 11 06 08",2,"2014"," 11"," 06"," 08"
"2014 11 06 09",2,"2014"," 11"," 06"," 09"
"2014 11 06 10",11,"2014"," 11"," 06"," 10"
"2014 11 06 11",15,"2014"," 11"," 06"," 11"
"2014 11 06 12",8,"2014"," 11"," 06"," 12"
"2014 11 06 15",1,"2014"," 11"," 06"," 15"
"2014 11 06 16",22,"2014"," 11"," 06"," 16"
"2014 11 06 17",14,"2014"," 11"," 06"," 17"
"2014 11 06 18",16,"2014"," 11"," 06"," 18"
"2014 11 06 19",10,"2014"," 11"," 06"," 19"
"2014 11 07 08",7,"2014"," 11"," 07"," 08"
"2014 11 07 09",11,"2014"," 11"," 07"," 09"
"2014 11 07 10",23,"2014"," 11"," 07"," 10"
"2014 11 07 11",13,"2014"," 11"," 07"," 11"
"2014 11 07 12",16,"2014"," 11"," 07"," 12"
"2014 11 07 13",28,"2014"," 11"," 07"," 13"
"2014 11 07 14",23,"2014"," 11"," 07"," 14"
"2014 11 07 15",8,"2014"," 11"," 07"," 15"
"2014 11 07 16",34,"2014"," 11"," 07"," 16"
"2014 11 07 17",25,"2014"," 11"," 07"," 17"
"2014 11 07 18",24,"2014"," 11"," 07"," 18"
"2014 11 07 19",4,"2014"," 11"," 07"," 19"
"2014 11 08 09",14,"2014"," 11"," 08"," 09"
"2014 11 08 10",26,"2014"," 11"," 08"," 10"
"2014 11 08 11",23,"2014"," 11"," 08"," 11"
"2014 11 08 12",26,"2014"," 11"," 08"," 12"
"2014 11 08 13",25,"2014"," 11"," 08"," 13"
"2014 11 10 08",8,"2014"," 11"," 10"," 08"
"2014 11 10 09",25,"2014"," 11"," 10"," 09"
"2014 11 10 10",22,"2014"," 11"," 10"," 10"
"2014 11 10 11",10,"2014"," 11"," 10"," 11"
"2014 11 10 12",18,"2014"," 11"," 10"," 12"
"2014 11 10 13",34,"2014"," 11"," 10"," 13"
"2014 11 10 14",34,"2014"," 11"," 10"," 14"
"2014 11 10 15",22,"2014"," 11"," 10"," 15"
"2014 11 10 16",25,"2014"," 11"," 10"," 16"
"2014 11 10 17",22,"2014"," 11"," 10"," 17"
"2014 11 10 18",14,"2014"," 11"," 10"," 18"
"2014 11 10 19",7,"2014"," 11"," 10"," 19"
"2014 11 10 20",1,"2014"," 11"," 10"," 20"
"2014 11 11 09",23,"2014"," 11"," 11"," 09"
"2014 11 11 10",12,"2014"," 11"," 11"," 10"
"2014 11 11 11",12,"2014"," 11"," 11"," 11"
"2014 11 11 12",18,"2014"," 11"," 11"," 12"
"2014 11 11 13",20,"2014"," 11"," 11"," 13"
"2014 11 11 14",25,"2014"," 11"," 11"," 14"
"2014 11 11 15",18,"2014"," 11"," 11"," 15"
"2014 11 11 16",11,"2014"," 11"," 11"," 16"
"2014 11 11 17",16,"2014"," 11"," 11"," 17"
"2014 11 11 18",12,"2014"," 11"," 11"," 18"
"2014 11 11 19",19,"2014"," 11"," 11"," 19"
"2014 11 11 20",1,"2014"," 11"," 11"," 20"
"2014 11 12 08",9,"2014"," 11"," 12"," 08"
"2014 11 12 09",11,"2014"," 11"," 12"," 09"
"2014 11 12 10",3,"2014"," 11"," 12"," 10"
"2014 11 12 11",24,"2014"," 11"," 12"," 11"
"2014 11 12 12",20,"2014"," 11"," 12"," 12"
"2014 11 12 13",30,"2014"," 11"," 12"," 13"
"2014 11 12 14",17,"2014"," 11"," 12"," 14"
"2014 11 12 15",12,"2014"," 11"," 12"," 15"
"2014 11 12 16",15,"2014"," 11"," 12"," 16"
"2014 11 12 17",15,"2014"," 11"," 12"," 17"
"2014 11 12 18",20,"2014"," 11"," 12"," 18"
"2014 11 12 19",7,"2014"," 11"," 12"," 19"
"2014 11 13 08",4,"2014"," 11"," 13"," 08"
"2014 11 13 09",17,"2014"," 11"," 13"," 09"
"2014 11 13 10",20,"2014"," 11"," 13"," 10"
"2014 11 13 11",9,"2014"," 11"," 13"," 11"
"2014 11 13 12",8,"2014"," 11"," 13"," 12"
"2014 11 13 13",16,"2014"," 11"," 13"," 13"
"2014 11 13 14",31,"2014"," 11"," 13"," 14"
"2014 11 13 15",11,"2014"," 11"," 13"," 15"
"2014 11 13 16",24,"2014"," 11"," 13"," 16"
"2014 11 13 17",12,"2014"," 11"," 13"," 17"
"2014 11 13 18",14,"2014"," 11"," 13"," 18"
"2014 11 13 19",11,"2014"," 11"," 13"," 19"
"2014 11 14 08",10,"2014"," 11"," 14"," 08"
"2014 11 14 09",19,"2014"," 11"," 14"," 09"
"2014 11 14 10",7,"2014"," 11"," 14"," 10"
"2014 11 14 11",26,"2014"," 11"," 14"," 11"
"2014 11 14 12",21,"2014"," 11"," 14"," 12"
"2014 11 14 13",18,"2014"," 11"," 14"," 13"
"2014 11 14 14",34,"2014"," 11"," 14"," 14"
"2014 11 14 15",5,"2014"," 11"," 14"," 15"
"2014 11 14 16",18,"2014"," 11"," 14"," 16"
"2014 11 14 17",20,"2014"," 11"," 14"," 17"
"2014 11 14 18",20,"2014"," 11"," 14"," 18"
"2014 11 14 19",3,"2014"," 11"," 14"," 19"
"2014 11 15 09",3,"2014"," 11"," 15"," 09"
"2014 11 15 10",6,"2014"," 11"," 15"," 10"
"2014 11 15 11",29,"2014"," 11"," 15"," 11"
"2014 11 15 12",21,"2014"," 11"," 15"," 12"
"2014 11 15 13",16,"2014"," 11"," 15"," 13"
"2014 11 17 08",3,"2014"," 11"," 17"," 08"
"2014 11 17 09",11,"2014"," 11"," 17"," 09"
"2014 11 17 10",16,"2014"," 11"," 17"," 10"
"2014 11 17 11",25,"2014"," 11"," 17"," 11"
"2014 11 17 12",17,"2014"," 11"," 17"," 12"
"2014 11 17 13",12,"2014"," 11"," 17"," 13"
"2014 11 17 14",19,"2014"," 11"," 17"," 14"
"2014 11 17 15",31,"2014"," 11"," 17"," 15"
"2014 11 17 16",18,"2014"," 11"," 17"," 16"
"2014 11 17 17",22,"2014"," 11"," 17"," 17"
"2014 11 17 18",23,"2014"," 11"," 17"," 18"
"2014 11 17 19",4,"2014"," 11"," 17"," 19"
"2014 11 18 09",6,"2014"," 11"," 18"," 09"
"2014 11 18 10",15,"2014"," 11"," 18"," 10"
"2014 11 18 11",14,"2014"," 11"," 18"," 11"
"2014 11 18 12",47,"2014"," 11"," 18"," 12"
"2014 11 18 13",20,"2014"," 11"," 18"," 13"
"2014 11 18 14",20,"2014"," 11"," 18"," 14"
"2014 11 18 15",6,"2014"," 11"," 18"," 15"
"2014 11 18 16",22,"2014"," 11"," 18"," 16"
"2014 11 18 17",11,"2014"," 11"," 18"," 17"
"2014 11 18 18",18,"2014"," 11"," 18"," 18"
"2014 11 18 19",7,"2014"," 11"," 18"," 19"
"2014 11 19 08",3,"2014"," 11"," 19"," 08"
"2014 11 19 09",3,"2014"," 11"," 19"," 09"
"2014 11 19 10",25,"2014"," 11"," 19"," 10"
"2014 11 19 11",20,"2014"," 11"," 19"," 11"
"2014 11 19 12",19,"2014"," 11"," 19"," 12"
"2014 11 19 13",8,"2014"," 11"," 19"," 13"
"2014 11 19 14",26,"2014"," 11"," 19"," 14"
"2014 11 19 15",17,"2014"," 11"," 19"," 15"
"2014 11 19 16",10,"2014"," 11"," 19"," 16"
"2014 11 19 17",6,"2014"," 11"," 19"," 17"
"2014 11 19 18",22,"2014"," 11"," 19"," 18"
"2014 11 19 19",9,"2014"," 11"," 19"," 19"
"2014 11 20 08",3,"2014"," 11"," 20"," 08"
"2014 11 20 09",6,"2014"," 11"," 20"," 09"
"2014 11 20 10",13,"2014"," 11"," 20"," 10"
"2014 11 20 11",13,"2014"," 11"," 20"," 11"
"2014 11 20 12",21,"2014"," 11"," 20"," 12"
"2014 11 20 13",11,"2014"," 11"," 20"," 13"
"2014 11 20 14",18,"2014"," 11"," 20"," 14"
"2014 11 20 15",12,"2014"," 11"," 20"," 15"
"2014 11 20 16",22,"2014"," 11"," 20"," 16"
"2014 11 20 17",11,"2014"," 11"," 20"," 17"
"2014 11 20 18",19,"2014"," 11"," 20"," 18"
"2014 11 20 19",6,"2014"," 11"," 20"," 19"
"2014 11 21 08",5,"2014"," 11"," 21"," 08"
"2014 11 21 09",16,"2014"," 11"," 21"," 09"
"2014 11 21 10",11,"2014"," 11"," 21"," 10"
"2014 11 21 11",15,"2014"," 11"," 21"," 11"
"2014 11 21 12",24,"2014"," 11"," 21"," 12"
"2014 11 21 13",21,"2014"," 11"," 21"," 13"
"2014 11 21 14",10,"2014"," 11"," 21"," 14"
"2014 11 21 15",27,"2014"," 11"," 21"," 15"
"2014 11 21 16",15,"2014"," 11"," 21"," 16"
"2014 11 21 17",15,"2014"," 11"," 21"," 17"
"2014 11 21 18",6,"2014"," 11"," 21"," 18"
"2014 11 21 19",3,"2014"," 11"," 21"," 19"
"2014 11 22 09",5,"2014"," 11"," 22"," 09"
"2014 11 22 10",5,"2014"," 11"," 22"," 10"
"2014 11 22 11",23,"2014"," 11"," 22"," 11"
"2014 11 22 12",23,"2014"," 11"," 22"," 12"
"2014 11 22 13",17,"2014"," 11"," 22"," 13"
"2014 11 22 14",1,"2014"," 11"," 22"," 14"
"2014 11 24 08",6,"2014"," 11"," 24"," 08"
"2014 11 24 09",22,"2014"," 11"," 24"," 09"
"2014 11 24 10",26,"2014"," 11"," 24"," 10"
"2014 11 24 11",8,"2014"," 11"," 24"," 11"
"2014 11 24 12",17,"2014"," 11"," 24"," 12"
"2014 11 24 13",18,"2014"," 11"," 24"," 13"
"2014 11 24 14",16,"2014"," 11"," 24"," 14"
"2014 11 24 15",28,"2014"," 11"," 24"," 15"
"2014 11 24 16",21,"2014"," 11"," 24"," 16"
"2014 11 24 17",33,"2014"," 11"," 24"," 17"
"2014 11 24 18",22,"2014"," 11"," 24"," 18"
"2014 11 24 19",2,"2014"," 11"," 24"," 19"
"2014 11 25 09",9,"2014"," 11"," 25"," 09"
"2014 11 25 10",20,"2014"," 11"," 25"," 10"
"2014 11 25 11",24,"2014"," 11"," 25"," 11"
"2014 11 25 12",24,"2014"," 11"," 25"," 12"
"2014 11 25 13",34,"2014"," 11"," 25"," 13"
"2014 11 25 14",13,"2014"," 11"," 25"," 14"
"2014 11 25 15",17,"2014"," 11"," 25"," 15"
"2014 11 25 16",23,"2014"," 11"," 25"," 16"
"2014 11 25 17",25,"2014"," 11"," 25"," 17"
"2014 11 25 18",23,"2014"," 11"," 25"," 18"
"2014 11 25 19",3,"2014"," 11"," 25"," 19"
"2014 11 26 08",11,"2014"," 11"," 26"," 08"
"2014 11 26 09",14,"2014"," 11"," 26"," 09"
"2014 11 26 10",18,"2014"," 11"," 26"," 10"
"2014 11 26 11",7,"2014"," 11"," 26"," 11"
"2014 11 26 12",10,"2014"," 11"," 26"," 12"
"2014 11 26 13",12,"2014"," 11"," 26"," 13"
"2014 11 26 14",18,"2014"," 11"," 26"," 14"
"2014 11 26 15",17,"2014"," 11"," 26"," 15"
"2014 11 26 16",16,"2014"," 11"," 26"," 16"
"2014 11 26 17",16,"2014"," 11"," 26"," 17"
"2014 11 26 18",18,"2014"," 11"," 26"," 18"
"2014 11 26 19",11,"2014"," 11"," 26"," 19"
"2014 11 27 08",6,"2014"," 11"," 27"," 08"
"2014 11 27 09",15,"2014"," 11"," 27"," 09"
"2014 11 27 10",8,"2014"," 11"," 27"," 10"
"2014 11 27 11",16,"2014"," 11"," 27"," 11"
"2014 11 27 12",15,"2014"," 11"," 27"," 12"
"2014 11 27 13",11,"2014"," 11"," 27"," 13"
"2014 11 27 14",23,"2014"," 11"," 27"," 14"
"2014 11 27 15",21,"2014"," 11"," 27"," 15"
"2014 11 27 16",19,"2014"," 11"," 27"," 16"
"2014 11 27 17",32,"2014"," 11"," 27"," 17"
"2014 11 27 18",10,"2014"," 11"," 27"," 18"
"2014 11 27 19",6,"2014"," 11"," 27"," 19"
"2014 11 28 08",2,"2014"," 11"," 28"," 08"
"2014 11 28 09",8,"2014"," 11"," 28"," 09"
"2014 11 28 10",12,"2014"," 11"," 28"," 10"
"2014 11 28 11",13,"2014"," 11"," 28"," 11"
"2014 11 28 12",13,"2014"," 11"," 28"," 12"
"2014 11 28 13",16,"2014"," 11"," 28"," 13"
"2014 11 28 14",21,"2014"," 11"," 28"," 14"
"2014 11 28 15",28,"2014"," 11"," 28"," 15"
"2014 11 28 16",17,"2014"," 11"," 28"," 16"
"2014 11 28 17",17,"2014"," 11"," 28"," 17"
"2014 11 28 18",29,"2014"," 11"," 28"," 18"
"2014 11 28 19",4,"2014"," 11"," 28"," 19"
"2014 11 29 09",11,"2014"," 11"," 29"," 09"
"2014 11 29 10",6,"2014"," 11"," 29"," 10"
"2014 11 29 11",15,"2014"," 11"," 29"," 11"
"2014 11 29 12",27,"2014"," 11"," 29"," 12"
"2014 11 29 13",11,"2014"," 11"," 29"," 13"
"2014 11 29 14",2,"2014"," 11"," 29"," 14"
"2014 12 01 08",3,"2014"," 12"," 01"," 08"
"2014 12 01 09",16,"2014"," 12"," 01"," 09"
"2014 12 01 10",11,"2014"," 12"," 01"," 10"
"2014 12 01 11",20,"2014"," 12"," 01"," 11"
"2014 12 01 12",21,"2014"," 12"," 01"," 12"
"2014 12 01 13",22,"2014"," 12"," 01"," 13"
"2014 12 01 14",46,"2014"," 12"," 01"," 14"
"2014 12 01 15",23,"2014"," 12"," 01"," 15"
"2014 12 01 16",12,"2014"," 12"," 01"," 16"
"2014 12 01 17",10,"2014"," 12"," 01"," 17"
"2014 12 01 18",20,"2014"," 12"," 01"," 18"
"2014 12 01 19",22,"2014"," 12"," 01"," 19"
"2014 12 02 09",19,"2014"," 12"," 02"," 09"
"2014 12 02 10",13,"2014"," 12"," 02"," 10"
"2014 12 02 11",17,"2014"," 12"," 02"," 11"
"2014 12 02 12",25,"2014"," 12"," 02"," 12"
"2014 12 02 13",27,"2014"," 12"," 02"," 13"
"2014 12 02 14",29,"2014"," 12"," 02"," 14"
"2014 12 02 15",13,"2014"," 12"," 02"," 15"
"2014 12 02 16",9,"2014"," 12"," 02"," 16"
"2014 12 02 17",7,"2014"," 12"," 02"," 17"
"2014 12 02 18",22,"2014"," 12"," 02"," 18"
"2014 12 02 19",20,"2014"," 12"," 02"," 19"
"2014 12 03 08",9,"2014"," 12"," 03"," 08"
"2014 12 03 09",8,"2014"," 12"," 03"," 09"
"2014 12 03 10",8,"2014"," 12"," 03"," 10"
"2014 12 03 11",11,"2014"," 12"," 03"," 11"
"2014 12 03 12",11,"2014"," 12"," 03"," 12"
"2014 12 03 13",19,"2014"," 12"," 03"," 13"
"2014 12 03 14",13,"2014"," 12"," 03"," 14"
"2014 12 03 15",25,"2014"," 12"," 03"," 15"
"2014 12 03 16",15,"2014"," 12"," 03"," 16"
"2014 12 03 17",10,"2014"," 12"," 03"," 17"
"2014 12 03 18",18,"2014"," 12"," 03"," 18"
"2014 12 03 19",3,"2014"," 12"," 03"," 19"
"2014 12 04 08",10,"2014"," 12"," 04"," 08"
"2014 12 04 09",13,"2014"," 12"," 04"," 09"
"2014 12 04 10",25,"2014"," 12"," 04"," 10"
"2014 12 04 11",15,"2014"," 12"," 04"," 11"
"2014 12 04 12",25,"2014"," 12"," 04"," 12"
"2014 12 04 13",19,"2014"," 12"," 04"," 13"
"2014 12 04 14",21,"2014"," 12"," 04"," 14"
"2014 12 04 15",31,"2014"," 12"," 04"," 15"
"2014 12 04 16",26,"2014"," 12"," 04"," 16"
"2014 12 04 17",17,"2014"," 12"," 04"," 17"
"2014 12 04 18",4,"2014"," 12"," 04"," 18"
"2014 12 04 19",6,"2014"," 12"," 04"," 19"
"2014 12 05 08",9,"2014"," 12"," 05"," 08"
"2014 12 05 09",8,"2014"," 12"," 05"," 09"
"2014 12 05 10",23,"2014"," 12"," 05"," 10"
"2014 12 05 11",25,"2014"," 12"," 05"," 11"
"2014 12 05 12",16,"2014"," 12"," 05"," 12"
"2014 12 05 13",17,"2014"," 12"," 05"," 13"
"2014 12 05 14",14,"2014"," 12"," 05"," 14"
"2014 12 05 15",13,"2014"," 12"," 05"," 15"
"2014 12 05 16",13,"2014"," 12"," 05"," 16"
"2014 12 05 17",3,"2014"," 12"," 05"," 17"
"2014 12 05 18",11,"2014"," 12"," 05"," 18"
"2014 12 05 19",1,"2014"," 12"," 05"," 19"
"2014 12 06 09",6,"2014"," 12"," 06"," 09"
"2014 12 06 10",20,"2014"," 12"," 06"," 10"
"2014 12 06 11",27,"2014"," 12"," 06"," 11"
"2014 12 06 12",19,"2014"," 12"," 06"," 12"
"2014 12 06 13",19,"2014"," 12"," 06"," 13"
"2014 12 06 14",5,"2014"," 12"," 06"," 14"
"2014 12 08 08",6,"2014"," 12"," 08"," 08"
"2014 12 08 09",6,"2014"," 12"," 08"," 09"
"2014 12 08 10",20,"2014"," 12"," 08"," 10"
"2014 12 08 11",29,"2014"," 12"," 08"," 11"
"2014 12 08 12",21,"2014"," 12"," 08"," 12"
"2014 12 08 13",16,"2014"," 12"," 08"," 13"
"2014 12 08 14",21,"2014"," 12"," 08"," 14"
"2014 12 08 15",32,"2014"," 12"," 08"," 15"
"2014 12 08 16",12,"2014"," 12"," 08"," 16"
"2014 12 08 17",24,"2014"," 12"," 08"," 17"
"2014 12 08 18",20,"2014"," 12"," 08"," 18"
"2014 12 08 19",9,"2014"," 12"," 08"," 19"
"2014 12 09 08",4,"2014"," 12"," 09"," 08"
"2014 12 09 09",16,"2014"," 12"," 09"," 09"
"2014 12 09 10",7,"2014"," 12"," 09"," 10"
"2014 12 09 11",17,"2014"," 12"," 09"," 11"
"2014 12 09 12",15,"2014"," 12"," 09"," 12"
"2014 12 09 13",19,"2014"," 12"," 09"," 13"
"2014 12 09 14",27,"2014"," 12"," 09"," 14"
"2014 12 09 15",27,"2014"," 12"," 09"," 15"
"2014 12 09 16",24,"2014"," 12"," 09"," 16"
"2014 12 09 17",1,"2014"," 12"," 09"," 17"
"2014 12 09 18",3,"2014"," 12"," 09"," 18"
"2014 12 09 19",6,"2014"," 12"," 09"," 19"
"2014 12 10 08",6,"2014"," 12"," 10"," 08"
"2014 12 10 09",10,"2014"," 12"," 10"," 09"
"2014 12 10 10",19,"2014"," 12"," 10"," 10"
"2014 12 10 11",42,"2014"," 12"," 10"," 11"
"2014 12 10 12",18,"2014"," 12"," 10"," 12"
"2014 12 10 13",14,"2014"," 12"," 10"," 13"
"2014 12 10 14",22,"2014"," 12"," 10"," 14"
"2014 12 10 15",15,"2014"," 12"," 10"," 15"
"2014 12 10 16",8,"2014"," 12"," 10"," 16"
"2014 12 10 17",21,"2014"," 12"," 10"," 17"
"2014 12 10 18",11,"2014"," 12"," 10"," 18"
"2014 12 10 19",6,"2014"," 12"," 10"," 19"
"2014 12 11 09",12,"2014"," 12"," 11"," 09"
"2014 12 11 10",2,"2014"," 12"," 11"," 10"
"2014 12 11 11",12,"2014"," 12"," 11"," 11"
"2014 12 11 12",11,"2014"," 12"," 11"," 12"
"2014 12 11 13",10,"2014"," 12"," 11"," 13"
"2014 12 11 14",25,"2014"," 12"," 11"," 14"
"2014 12 11 15",15,"2014"," 12"," 11"," 15"
"2014 12 11 16",31,"2014"," 12"," 11"," 16"
"2014 12 11 17",23,"2014"," 12"," 11"," 17"
"2014 12 11 18",12,"2014"," 12"," 11"," 18"
"2014 12 11 19",8,"2014"," 12"," 11"," 19"
"2014 12 12 08",9,"2014"," 12"," 12"," 08"
"2014 12 12 09",16,"2014"," 12"," 12"," 09"
"2014 12 12 10",8,"2014"," 12"," 12"," 10"
"2014 12 12 11",16,"2014"," 12"," 12"," 11"
"2014 12 12 12",22,"2014"," 12"," 12"," 12"
"2014 12 12 13",8,"2014"," 12"," 12"," 13"
"2014 12 12 14",17,"2014"," 12"," 12"," 14"
"2014 12 12 15",8,"2014"," 12"," 12"," 15"
"2014 12 12 16",21,"2014"," 12"," 12"," 16"
"2014 12 12 17",8,"2014"," 12"," 12"," 17"
"2014 12 12 18",27,"2014"," 12"," 12"," 18"
"2014 12 12 19",4,"2014"," 12"," 12"," 19"
"2014 12 13 09",3,"2014"," 12"," 13"," 09"
"2014 12 13 10",14,"2014"," 12"," 13"," 10"
"2014 12 13 11",1,"2014"," 12"," 13"," 11"
"2014 12 13 12",12,"2014"," 12"," 13"," 12"
"2014 12 13 13",23,"2014"," 12"," 13"," 13"
"2014 12 13 14",1,"2014"," 12"," 13"," 14"
"2014 12 15 09",16,"2014"," 12"," 15"," 09"
"2014 12 15 10",17,"2014"," 12"," 15"," 10"
"2014 12 15 11",16,"2014"," 12"," 15"," 11"
"2014 12 15 12",36,"2014"," 12"," 15"," 12"
"2014 12 15 13",40,"2014"," 12"," 15"," 13"
"2014 12 15 14",31,"2014"," 12"," 15"," 14"
"2014 12 15 15",18,"2014"," 12"," 15"," 15"
"2014 12 15 16",28,"2014"," 12"," 15"," 16"
"2014 12 15 17",16,"2014"," 12"," 15"," 17"
"2014 12 15 18",35,"2014"," 12"," 15"," 18"
"2014 12 15 19",5,"2014"," 12"," 15"," 19"
"2014 12 16 08",1,"2014"," 12"," 16"," 08"
"2014 12 16 09",9,"2014"," 12"," 16"," 09"
"2014 12 16 10",22,"2014"," 12"," 16"," 10"
"2014 12 16 11",14,"2014"," 12"," 16"," 11"
"2014 12 16 12",22,"2014"," 12"," 16"," 12"
"2014 12 16 13",18,"2014"," 12"," 16"," 13"
"2014 12 16 14",16,"2014"," 12"," 16"," 14"
"2014 12 16 15",19,"2014"," 12"," 16"," 15"
"2014 12 16 16",21,"2014"," 12"," 16"," 16"
"2014 12 16 17",14,"2014"," 12"," 16"," 17"
"2014 12 16 18",25,"2014"," 12"," 16"," 18"
"2014 12 16 19",17,"2014"," 12"," 16"," 19"
"2014 12 17 08",3,"2014"," 12"," 17"," 08"
"2014 12 17 09",6,"2014"," 12"," 17"," 09"
"2014 12 17 10",22,"2014"," 12"," 17"," 10"
"2014 12 17 11",16,"2014"," 12"," 17"," 11"
"2014 12 17 12",33,"2014"," 12"," 17"," 12"
"2014 12 17 13",21,"2014"," 12"," 17"," 13"
"2014 12 17 14",17,"2014"," 12"," 17"," 14"
"2014 12 17 15",33,"2014"," 12"," 17"," 15"
"2014 12 17 16",7,"2014"," 12"," 17"," 16"
"2014 12 17 17",15,"2014"," 12"," 17"," 17"
"2014 12 17 18",23,"2014"," 12"," 17"," 18"
"2014 12 17 19",13,"2014"," 12"," 17"," 19"
"2014 12 18 08",3,"2014"," 12"," 18"," 08"
"2014 12 18 09",28,"2014"," 12"," 18"," 09"
"2014 12 18 10",16,"2014"," 12"," 18"," 10"
"2014 12 18 11",26,"2014"," 12"," 18"," 11"
"2014 12 18 12",38,"2014"," 12"," 18"," 12"
"2014 12 18 13",26,"2014"," 12"," 18"," 13"
"2014 12 18 14",14,"2014"," 12"," 18"," 14"
"2014 12 18 15",13,"2014"," 12"," 18"," 15"
"2014 12 18 16",28,"2014"," 12"," 18"," 16"
"2014 12 18 17",2,"2014"," 12"," 18"," 17"
"2014 12 18 18",21,"2014"," 12"," 18"," 18"
"2014 12 18 19",9,"2014"," 12"," 18"," 19"
"2014 12 19 08",6,"2014"," 12"," 19"," 08"
"2014 12 19 09",12,"2014"," 12"," 19"," 09"
"2014 12 19 10",27,"2014"," 12"," 19"," 10"
"2014 12 19 11",17,"2014"," 12"," 19"," 11"
"2014 12 19 12",12,"2014"," 12"," 19"," 12"
"2014 12 19 13",14,"2014"," 12"," 19"," 13"
"2014 12 19 14",21,"2014"," 12"," 19"," 14"
"2014 12 19 15",26,"2014"," 12"," 19"," 15"
"2014 12 19 16",12,"2014"," 12"," 19"," 16"
"2014 12 19 17",44,"2014"," 12"," 19"," 17"
"2014 12 19 18",24,"2014"," 12"," 19"," 18"
"2014 12 19 19",7,"2014"," 12"," 19"," 19"
"2014 12 20 09",12,"2014"," 12"," 20"," 09"
"2014 12 20 10",16,"2014"," 12"," 20"," 10"
"2014 12 20 11",28,"2014"," 12"," 20"," 11"
"2014 12 20 12",17,"2014"," 12"," 20"," 12"
"2014 12 20 13",26,"2014"," 12"," 20"," 13"
"2014 12 20 14",15,"2014"," 12"," 20"," 14"
"2014 12 20 15",3,"2014"," 12"," 20"," 15"
"2014 12 20 16",2,"2014"," 12"," 20"," 16"
"2014 12 20 17",1,"2014"," 12"," 20"," 17"
"2014 12 22 08",6,"2014"," 12"," 22"," 08"
"2014 12 22 09",9,"2014"," 12"," 22"," 09"
"2014 12 22 10",7,"2014"," 12"," 22"," 10"
"2014 12 22 11",30,"2014"," 12"," 22"," 11"
"2014 12 22 12",18,"2014"," 12"," 22"," 12"
"2014 12 22 13",29,"2014"," 12"," 22"," 13"
"2014 12 22 14",16,"2014"," 12"," 22"," 14"
"2014 12 22 15",16,"2014"," 12"," 22"," 15"
"2014 12 22 16",22,"2014"," 12"," 22"," 16"
"2014 12 22 17",15,"2014"," 12"," 22"," 17"
"2014 12 22 18",10,"2014"," 12"," 22"," 18"
"2014 12 22 19",5,"2014"," 12"," 22"," 19"
"2014 12 23 08",2,"2014"," 12"," 23"," 08"
"2014 12 23 09",22,"2014"," 12"," 23"," 09"
"2014 12 23 10",39,"2014"," 12"," 23"," 10"
"2014 12 23 11",17,"2014"," 12"," 23"," 11"
"2014 12 23 12",26,"2014"," 12"," 23"," 12"
"2014 12 23 13",43,"2014"," 12"," 23"," 13"
"2014 12 23 14",17,"2014"," 12"," 23"," 14"
"2014 12 23 15",17,"2014"," 12"," 23"," 15"
"2014 12 23 16",9,"2014"," 12"," 23"," 16"
"2014 12 23 17",15,"2014"," 12"," 23"," 17"
"2014 12 23 18",16,"2014"," 12"," 23"," 18"
"2014 12 23 19",5,"2014"," 12"," 23"," 19"
"2014 12 24 08",9,"2014"," 12"," 24"," 08"
"2014 12 24 09",12,"2014"," 12"," 24"," 09"
"2014 12 24 10",26,"2014"," 12"," 24"," 10"
"2014 12 24 11",34,"2014"," 12"," 24"," 11"
"2014 12 24 12",11,"2014"," 12"," 24"," 12"
"2014 12 24 13",14,"2014"," 12"," 24"," 13"
"2014 12 24 14",16,"2014"," 12"," 24"," 14"
"2014 12 24 15",18,"2014"," 12"," 24"," 15"
"2014 12 24 16",28,"2014"," 12"," 24"," 16"
"2014 12 24 17",13,"2014"," 12"," 24"," 17"
"2014 12 24 18",16,"2014"," 12"," 24"," 18"
"2014 12 24 19",8,"2014"," 12"," 24"," 19"
"2014 12 25 08",8,"2014"," 12"," 25"," 08"
"2014 12 25 09",8,"2014"," 12"," 25"," 09"
"2014 12 25 10",24,"2014"," 12"," 25"," 10"
"2014 12 25 11",11,"2014"," 12"," 25"," 11"
"2014 12 25 12",12,"2014"," 12"," 25"," 12"
"2014 12 25 13",25,"2014"," 12"," 25"," 13"
"2014 12 25 14",14,"2014"," 12"," 25"," 14"
"2014 12 25 15",21,"2014"," 12"," 25"," 15"
"2014 12 25 16",15,"2014"," 12"," 25"," 16"
"2014 12 25 17",18,"2014"," 12"," 25"," 17"
"2014 12 25 18",9,"2014"," 12"," 25"," 18"
"2014 12 25 19",4,"2014"," 12"," 25"," 19"
"2014 12 26 08",10,"2014"," 12"," 26"," 08"
"2014 12 26 09",25,"2014"," 12"," 26"," 09"
"2014 12 26 10",10,"2014"," 12"," 26"," 10"
"2014 12 26 11",29,"2014"," 12"," 26"," 11"
"2014 12 26 12",17,"2014"," 12"," 26"," 12"
"2014 12 26 13",20,"2014"," 12"," 26"," 13"
"2014 12 26 14",36,"2014"," 12"," 26"," 14"
"2014 12 26 15",21,"2014"," 12"," 26"," 15"
"2014 12 26 16",15,"2014"," 12"," 26"," 16"
"2014 12 26 17",17,"2014"," 12"," 26"," 17"
"2014 12 26 18",28,"2014"," 12"," 26"," 18"
"2014 12 26 19",12,"2014"," 12"," 26"," 19"
"2014 12 27 09",8,"2014"," 12"," 27"," 09"
"2014 12 27 10",6,"2014"," 12"," 27"," 10"
"2014 12 27 11",35,"2014"," 12"," 27"," 11"
"2014 12 27 12",21,"2014"," 12"," 27"," 12"
"2014 12 27 13",20,"2014"," 12"," 27"," 13"
"2014 12 29 08",7,"2014"," 12"," 29"," 08"
"2014 12 29 09",16,"2014"," 12"," 29"," 09"
"2014 12 29 10",20,"2014"," 12"," 29"," 10"
"2014 12 29 11",21,"2014"," 12"," 29"," 11"
"2014 12 29 12",34,"2014"," 12"," 29"," 12"
"2014 12 29 13",33,"2014"," 12"," 29"," 13"
"2014 12 29 14",29,"2014"," 12"," 29"," 14"
"2014 12 29 15",18,"2014"," 12"," 29"," 15"
"2014 12 29 16",27,"2014"," 12"," 29"," 16"
"2014 12 29 17",16,"2014"," 12"," 29"," 17"
"2014 12 29 18",20,"2014"," 12"," 29"," 18"
"2014 12 29 19",17,"2014"," 12"," 29"," 19"
"2014 12 30 08",9,"2014"," 12"," 30"," 08"
"2014 12 30 09",21,"2014"," 12"," 30"," 09"
"2014 12 30 10",22,"2014"," 12"," 30"," 10"
"2014 12 30 11",22,"2014"," 12"," 30"," 11"
"2014 12 30 12",17,"2014"," 12"," 30"," 12"
"2014 12 30 13",17,"2014"," 12"," 30"," 13"
"2014 12 30 14",9,"2014"," 12"," 30"," 14"
"2014 12 30 15",23,"2014"," 12"," 30"," 15"
"2014 12 30 16",21,"2014"," 12"," 30"," 16"
"2014 12 30 17",19,"2014"," 12"," 30"," 17"
"2014 12 30 18",4,"2014"," 12"," 30"," 18"
"2014 12 30 19",5,"2014"," 12"," 30"," 19"
"2014 12 31 08",6,"2014"," 12"," 31"," 08"
"2014 12 31 09",18,"2014"," 12"," 31"," 09"
"2014 12 31 10",25,"2014"," 12"," 31"," 10"
"2014 12 31 11",24,"2014"," 12"," 31"," 11"
"2014 12 31 12",13,"2014"," 12"," 31"," 12"
"2014 12 31 13",14,"2014"," 12"," 31"," 13"
"2014 12 31 14",5,"2014"," 12"," 31"," 14"
"2014 12 31 15",26,"2014"," 12"," 31"," 15"
"2014 12 31 16",14,"2014"," 12"," 31"," 16"
"2014 12 31 17",7,"2014"," 12"," 31"," 17"
"2014 12 31 18",1,"2014"," 12"," 31"," 18"
"2015 01 10 09",6,"2015"," 01"," 10"," 09"
"2015 01 10 10",5,"2015"," 01"," 10"," 10"
"2015 01 10 11",4,"2015"," 01"," 10"," 11"
"2015 01 10 12",14,"2015"," 01"," 10"," 12"
"2015 01 10 13",7,"2015"," 01"," 10"," 13"
"2015 01 12 08",9,"2015"," 01"," 12"," 08"
"2015 01 12 09",17,"2015"," 01"," 12"," 09"
"2015 01 12 10",16,"2015"," 01"," 12"," 10"
"2015 01 12 11",13,"2015"," 01"," 12"," 11"
"2015 01 12 12",29,"2015"," 01"," 12"," 12"
"2015 01 12 13",37,"2015"," 01"," 12"," 13"
"2015 01 12 14",25,"2015"," 01"," 12"," 14"
"2015 01 12 15",16,"2015"," 01"," 12"," 15"
"2015 01 12 16",28,"2015"," 01"," 12"," 16"
"2015 01 12 17",22,"2015"," 01"," 12"," 17"
"2015 01 12 18",24,"2015"," 01"," 12"," 18"
"2015 01 12 19",13,"2015"," 01"," 12"," 19"
"2015 01 13 08",8,"2015"," 01"," 13"," 08"
"2015 01 13 09",16,"2015"," 01"," 13"," 09"
"2015 01 13 10",22,"2015"," 01"," 13"," 10"
"2015 01 13 11",9,"2015"," 01"," 13"," 11"
"2015 01 13 12",13,"2015"," 01"," 13"," 12"
"2015 01 13 13",18,"2015"," 01"," 13"," 13"
"2015 01 13 14",32,"2015"," 01"," 13"," 14"
"2015 01 13 15",24,"2015"," 01"," 13"," 15"
"2015 01 13 16",17,"2015"," 01"," 13"," 16"
"2015 01 13 17",25,"2015"," 01"," 13"," 17"
"2015 01 13 18",14,"2015"," 01"," 13"," 18"
"2015 01 13 19",3,"2015"," 01"," 13"," 19"
"2015 01 14 08",2,"2015"," 01"," 14"," 08"
"2015 01 14 09",13,"2015"," 01"," 14"," 09"
"2015 01 14 10",11,"2015"," 01"," 14"," 10"
"2015 01 14 11",14,"2015"," 01"," 14"," 11"
"2015 01 14 12",24,"2015"," 01"," 14"," 12"
"2015 01 14 13",23,"2015"," 01"," 14"," 13"
"2015 01 14 14",31,"2015"," 01"," 14"," 14"
"2015 01 14 15",19,"2015"," 01"," 14"," 15"
"2015 01 14 16",21,"2015"," 01"," 14"," 16"
"2015 01 14 17",24,"2015"," 01"," 14"," 17"
"2015 01 14 18",19,"2015"," 01"," 14"," 18"
"2015 01 14 19",2,"2015"," 01"," 14"," 19"
"2015 01 15 08",5,"2015"," 01"," 15"," 08"
"2015 01 15 09",5,"2015"," 01"," 15"," 09"
"2015 01 15 10",12,"2015"," 01"," 15"," 10"
"2015 01 15 11",11,"2015"," 01"," 15"," 11"
"2015 01 15 12",9,"2015"," 01"," 15"," 12"
"2015 01 15 13",37,"2015"," 01"," 15"," 13"
"2015 01 15 14",23,"2015"," 01"," 15"," 14"
"2015 01 15 15",17,"2015"," 01"," 15"," 15"
"2015 01 15 16",18,"2015"," 01"," 15"," 16"
"2015 01 15 17",23,"2015"," 01"," 15"," 17"
"2015 01 15 18",2,"2015"," 01"," 15"," 18"
"2015 01 16 08",2,"2015"," 01"," 16"," 08"
"2015 01 16 09",7,"2015"," 01"," 16"," 09"
"2015 01 16 17",2,"2015"," 01"," 16"," 17"
"2015 01 16 18",15,"2015"," 01"," 16"," 18"
"2015 01 16 19",13,"2015"," 01"," 16"," 19"
"2015 01 17 09",5,"2015"," 01"," 17"," 09"
"2015 01 17 10",15,"2015"," 01"," 17"," 10"
"2015 01 17 11",15,"2015"," 01"," 17"," 11"
"2015 01 17 12",16,"2015"," 01"," 17"," 12"
"2015 01 17 13",25,"2015"," 01"," 17"," 13"
"2015 01 17 14",2,"2015"," 01"," 17"," 14"
"2015 01 19 09",6,"2015"," 01"," 19"," 09"
"2015 01 19 10",20,"2015"," 01"," 19"," 10"
"2015 01 19 11",14,"2015"," 01"," 19"," 11"
"2015 01 19 12",22,"2015"," 01"," 19"," 12"
"2015 01 19 13",25,"2015"," 01"," 19"," 13"
"2015 01 19 14",14,"2015"," 01"," 19"," 14"
"2015 01 19 15",7,"2015"," 01"," 19"," 15"
"2015 01 19 16",25,"2015"," 01"," 19"," 16"
"2015 01 19 17",22,"2015"," 01"," 19"," 17"
"2015 01 19 18",10,"2015"," 01"," 19"," 18"
"2015 01 19 19",21,"2015"," 01"," 19"," 19"
"2015 01 20 08",2,"2015"," 01"," 20"," 08"
"2015 01 20 09",7,"2015"," 01"," 20"," 09"
"2015 01 20 10",17,"2015"," 01"," 20"," 10"
"2015 01 20 11",16,"2015"," 01"," 20"," 11"
"2015 01 20 12",20,"2015"," 01"," 20"," 12"
"2015 01 20 13",19,"2015"," 01"," 20"," 13"
"2015 01 20 14",6,"2015"," 01"," 20"," 14"
"2015 01 20 15",20,"2015"," 01"," 20"," 15"
"2015 01 20 16",30,"2015"," 01"," 20"," 16"
"2015 01 20 17",23,"2015"," 01"," 20"," 17"
"2015 01 20 18",5,"2015"," 01"," 20"," 18"
"2015 01 20 19",8,"2015"," 01"," 20"," 19"
"2015 01 20 20",1,"2015"," 01"," 20"," 20"
"2015 01 21 08",3,"2015"," 01"," 21"," 08"
"2015 01 21 09",17,"2015"," 01"," 21"," 09"
"2015 01 21 10",16,"2015"," 01"," 21"," 10"
"2015 01 21 11",34,"2015"," 01"," 21"," 11"
"2015 01 21 12",19,"2015"," 01"," 21"," 12"
"2015 01 21 13",21,"2015"," 01"," 21"," 13"
"2015 01 21 14",15,"2015"," 01"," 21"," 14"
"2015 01 21 15",23,"2015"," 01"," 21"," 15"
"2015 01 21 16",11,"2015"," 01"," 21"," 16"
"2015 01 21 17",15,"2015"," 01"," 21"," 17"
"2015 01 21 18",20,"2015"," 01"," 21"," 18"
"2015 01 21 19",7,"2015"," 01"," 21"," 19"
"2015 01 22 08",7,"2015"," 01"," 22"," 08"
"2015 01 22 09",2,"2015"," 01"," 22"," 09"
"2015 01 22 11",14,"2015"," 01"," 22"," 11"
"2015 01 22 12",15,"2015"," 01"," 22"," 12"
"2015 01 22 13",21,"2015"," 01"," 22"," 13"
"2015 01 22 14",19,"2015"," 01"," 22"," 14"
"2015 01 22 15",21,"2015"," 01"," 22"," 15"
"2015 01 22 16",10,"2015"," 01"," 22"," 16"
"2015 01 22 17",31,"2015"," 01"," 22"," 17"
"2015 01 22 18",19,"2015"," 01"," 22"," 18"
"2015 01 22 19",13,"2015"," 01"," 22"," 19"
"2015 01 23 09",7,"2015"," 01"," 23"," 09"
"2015 01 23 10",19,"2015"," 01"," 23"," 10"
"2015 01 23 11",18,"2015"," 01"," 23"," 11"
"2015 01 23 12",25,"2015"," 01"," 23"," 12"
"2015 01 23 13",15,"2015"," 01"," 23"," 13"
"2015 01 23 14",26,"2015"," 01"," 23"," 14"
"2015 01 23 15",25,"2015"," 01"," 23"," 15"
"2015 01 23 16",21,"2015"," 01"," 23"," 16"
"2015 01 23 17",15,"2015"," 01"," 23"," 17"
"2015 01 23 18",20,"2015"," 01"," 23"," 18"
"2015 01 23 19",10,"2015"," 01"," 23"," 19"
"2015 01 24 09",17,"2015"," 01"," 24"," 09"
"2015 01 24 10",19,"2015"," 01"," 24"," 10"
"2015 01 24 11",12,"2015"," 01"," 24"," 11"
"2015 01 24 12",22,"2015"," 01"," 24"," 12"
"2015 01 24 13",20,"2015"," 01"," 24"," 13"
"2015 01 26 08",3,"2015"," 01"," 26"," 08"
"2015 01 26 09",3,"2015"," 01"," 26"," 09"
"2015 01 26 10",10,"2015"," 01"," 26"," 10"
"2015 01 26 11",18,"2015"," 01"," 26"," 11"
"2015 01 26 12",13,"2015"," 01"," 26"," 12"
"2015 01 26 13",18,"2015"," 01"," 26"," 13"
"2015 01 26 14",16,"2015"," 01"," 26"," 14"
"2015 01 26 15",23,"2015"," 01"," 26"," 15"
"2015 01 26 16",16,"2015"," 01"," 26"," 16"
"2015 01 26 17",17,"2015"," 01"," 26"," 17"
"2015 01 26 18",13,"2015"," 01"," 26"," 18"
"2015 01 26 19",9,"2015"," 01"," 26"," 19"
"2015 01 27 08",6,"2015"," 01"," 27"," 08"
"2015 01 27 09",28,"2015"," 01"," 27"," 09"
"2015 01 27 10",14,"2015"," 01"," 27"," 10"
"2015 01 27 11",13,"2015"," 01"," 27"," 11"
"2015 01 27 12",22,"2015"," 01"," 27"," 12"
"2015 01 27 13",24,"2015"," 01"," 27"," 13"
"2015 01 27 14",22,"2015"," 01"," 27"," 14"
"2015 01 27 15",17,"2015"," 01"," 27"," 15"
"2015 01 27 16",10,"2015"," 01"," 27"," 16"
"2015 01 27 17",15,"2015"," 01"," 27"," 17"
"2015 01 27 18",12,"2015"," 01"," 27"," 18"
"2015 01 27 19",2,"2015"," 01"," 27"," 19"
"2015 01 28 08",6,"2015"," 01"," 28"," 08"
"2015 01 28 09",6,"2015"," 01"," 28"," 09"
"2015 01 28 10",10,"2015"," 01"," 28"," 10"
"2015 01 28 11",9,"2015"," 01"," 28"," 11"
"2015 01 28 12",36,"2015"," 01"," 28"," 12"
"2015 01 28 13",23,"2015"," 01"," 28"," 13"
"2015 01 28 14",12,"2015"," 01"," 28"," 14"
"2015 01 28 15",27,"2015"," 01"," 28"," 15"
"2015 01 28 16",21,"2015"," 01"," 28"," 16"
"2015 01 28 17",22,"2015"," 01"," 28"," 17"
"2015 01 28 18",9,"2015"," 01"," 28"," 18"
"2015 01 29 09",10,"2015"," 01"," 29"," 09"
"2015 01 29 10",19,"2015"," 01"," 29"," 10"
"2015 01 29 11",9,"2015"," 01"," 29"," 11"
"2015 01 29 12",53,"2015"," 01"," 29"," 12"
"2015 01 29 13",14,"2015"," 01"," 29"," 13"
"2015 01 29 14",13,"2015"," 01"," 29"," 14"
"2015 01 29 15",21,"2015"," 01"," 29"," 15"
"2015 01 29 16",23,"2015"," 01"," 29"," 16"
"2015 01 29 17",6,"2015"," 01"," 29"," 17"
"2015 01 29 18",8,"2015"," 01"," 29"," 18"
"2015 01 29 19",7,"2015"," 01"," 29"," 19"
"2015 01 30 08",3,"2015"," 01"," 30"," 08"
"2015 01 30 09",5,"2015"," 01"," 30"," 09"
"2015 01 30 10",4,"2015"," 01"," 30"," 10"
"2015 01 30 11",9,"2015"," 01"," 30"," 11"
"2015 01 30 12",12,"2015"," 01"," 30"," 12"
"2015 01 30 13",7,"2015"," 01"," 30"," 13"
"2015 01 30 14",17,"2015"," 01"," 30"," 14"
"2015 01 30 15",13,"2015"," 01"," 30"," 15"
"2015 01 30 16",15,"2015"," 01"," 30"," 16"
"2015 01 30 17",33,"2015"," 01"," 30"," 17"
"2015 01 30 18",11,"2015"," 01"," 30"," 18"
"2015 01 30 19",3,"2015"," 01"," 30"," 19"
"2015 01 31 09",6,"2015"," 01"," 31"," 09"
"2015 01 31 10",9,"2015"," 01"," 31"," 10"
"2015 01 31 11",6,"2015"," 01"," 31"," 11"
"2015 01 31 12",24,"2015"," 01"," 31"," 12"
"2015 01 31 13",3,"2015"," 01"," 31"," 13"
"2015 02 02 08",3,"2015"," 02"," 02"," 08"
"2015 02 02 09",11,"2015"," 02"," 02"," 09"
"2015 02 02 10",18,"2015"," 02"," 02"," 10"
"2015 02 02 11",18,"2015"," 02"," 02"," 11"
"2015 02 02 12",18,"2015"," 02"," 02"," 12"
"2015 02 02 13",9,"2015"," 02"," 02"," 13"
"2015 02 02 14",27,"2015"," 02"," 02"," 14"
"2015 02 02 15",25,"2015"," 02"," 02"," 15"
"2015 02 02 16",15,"2015"," 02"," 02"," 16"
"2015 02 02 17",33,"2015"," 02"," 02"," 17"
"2015 02 02 18",33,"2015"," 02"," 02"," 18"
"2015 02 02 19",24,"2015"," 02"," 02"," 19"
"2015 02 03 08",1,"2015"," 02"," 03"," 08"
"2015 02 03 09",9,"2015"," 02"," 03"," 09"
"2015 02 03 10",12,"2015"," 02"," 03"," 10"
"2015 02 03 11",21,"2015"," 02"," 03"," 11"
"2015 02 03 12",28,"2015"," 02"," 03"," 12"
"2015 02 03 13",23,"2015"," 02"," 03"," 13"
"2015 02 03 14",25,"2015"," 02"," 03"," 14"
"2015 02 03 15",12,"2015"," 02"," 03"," 15"
"2015 02 03 16",28,"2015"," 02"," 03"," 16"
"2015 02 03 17",13,"2015"," 02"," 03"," 17"
"2015 02 03 18",13,"2015"," 02"," 03"," 18"
"2015 02 03 19",15,"2015"," 02"," 03"," 19"
"2015 02 04 08",3,"2015"," 02"," 04"," 08"
"2015 02 04 09",15,"2015"," 02"," 04"," 09"
"2015 02 04 10",12,"2015"," 02"," 04"," 10"
"2015 02 04 11",25,"2015"," 02"," 04"," 11"
"2015 02 04 12",11,"2015"," 02"," 04"," 12"
"2015 02 04 13",7,"2015"," 02"," 04"," 13"
"2015 02 04 14",18,"2015"," 02"," 04"," 14"
"2015 02 04 15",26,"2015"," 02"," 04"," 15"
"2015 02 04 16",15,"2015"," 02"," 04"," 16"
"2015 02 04 17",34,"2015"," 02"," 04"," 17"
"2015 02 04 18",25,"2015"," 02"," 04"," 18"
"2015 02 04 19",8,"2015"," 02"," 04"," 19"
"2015 02 05 08",7,"2015"," 02"," 05"," 08"
"2015 02 05 09",5,"2015"," 02"," 05"," 09"
"2015 02 05 10",18,"2015"," 02"," 05"," 10"
"2015 02 05 11",9,"2015"," 02"," 05"," 11"
"2015 02 05 12",11,"2015"," 02"," 05"," 12"
"2015 02 05 13",6,"2015"," 02"," 05"," 13"
"2015 02 05 14",15,"2015"," 02"," 05"," 14"
"2015 02 05 15",32,"2015"," 02"," 05"," 15"
"2015 02 05 16",20,"2015"," 02"," 05"," 16"
"2015 02 05 17",9,"2015"," 02"," 05"," 17"
"2015 02 05 18",7,"2015"," 02"," 05"," 18"
"2015 02 05 19",5,"2015"," 02"," 05"," 19"
"2015 02 06 08",6,"2015"," 02"," 06"," 08"
"2015 02 06 09",9,"2015"," 02"," 06"," 09"
"2015 02 06 10",20,"2015"," 02"," 06"," 10"
"2015 02 06 11",21,"2015"," 02"," 06"," 11"
"2015 02 06 12",14,"2015"," 02"," 06"," 12"
"2015 02 06 13",13,"2015"," 02"," 06"," 13"
"2015 02 06 14",5,"2015"," 02"," 06"," 14"
"2015 02 06 15",22,"2015"," 02"," 06"," 15"
"2015 02 06 16",20,"2015"," 02"," 06"," 16"
"2015 02 06 17",14,"2015"," 02"," 06"," 17"
"2015 02 06 18",11,"2015"," 02"," 06"," 18"
"2015 02 06 19",3,"2015"," 02"," 06"," 19"
"2015 02 07 09",14,"2015"," 02"," 07"," 09"
"2015 02 07 10",10,"2015"," 02"," 07"," 10"
"2015 02 07 11",18,"2015"," 02"," 07"," 11"
"2015 02 07 12",24,"2015"," 02"," 07"," 12"
"2015 02 07 13",6,"2015"," 02"," 07"," 13"
"2015 02 09 08",9,"2015"," 02"," 09"," 08"
"2015 02 09 09",8,"2015"," 02"," 09"," 09"
"2015 02 09 10",20,"2015"," 02"," 09"," 10"
"2015 02 09 11",21,"2015"," 02"," 09"," 11"
"2015 02 09 12",31,"2015"," 02"," 09"," 12"
"2015 02 09 13",14,"2015"," 02"," 09"," 13"
"2015 02 09 14",12,"2015"," 02"," 09"," 14"
"2015 02 09 15",11,"2015"," 02"," 09"," 15"
"2015 02 09 16",25,"2015"," 02"," 09"," 16"
"2015 02 09 17",20,"2015"," 02"," 09"," 17"
"2015 02 09 18",5,"2015"," 02"," 09"," 18"
"2015 02 09 19",8,"2015"," 02"," 09"," 19"
"2015 02 10 08",5,"2015"," 02"," 10"," 08"
"2015 02 10 09",10,"2015"," 02"," 10"," 09"
"2015 02 10 10",6,"2015"," 02"," 10"," 10"
"2015 02 10 11",15,"2015"," 02"," 10"," 11"
"2015 02 10 12",6,"2015"," 02"," 10"," 12"
"2015 02 10 13",15,"2015"," 02"," 10"," 13"
"2015 02 10 14",12,"2015"," 02"," 10"," 14"
"2015 02 10 15",11,"2015"," 02"," 10"," 15"
"2015 02 10 16",16,"2015"," 02"," 10"," 16"
"2015 02 10 17",19,"2015"," 02"," 10"," 17"
"2015 02 10 18",6,"2015"," 02"," 10"," 18"
"2015 02 10 19",1,"2015"," 02"," 10"," 19"
"2015 02 11 09",8,"2015"," 02"," 11"," 09"
"2015 02 11 10",6,"2015"," 02"," 11"," 10"
"2015 02 11 11",10,"2015"," 02"," 11"," 11"
"2015 02 11 12",5,"2015"," 02"," 11"," 12"
"2015 02 11 13",9,"2015"," 02"," 11"," 13"
"2015 02 11 14",12,"2015"," 02"," 11"," 14"
"2015 02 11 15",7,"2015"," 02"," 11"," 15"
"2015 02 11 16",28,"2015"," 02"," 11"," 16"
"2015 02 11 17",9,"2015"," 02"," 11"," 17"
"2015 02 11 18",13,"2015"," 02"," 11"," 18"
"2015 02 11 19",9,"2015"," 02"," 11"," 19"
"2015 02 12 08",6,"2015"," 02"," 12"," 08"
"2015 02 12 09",7,"2015"," 02"," 12"," 09"
"2015 02 12 10",15,"2015"," 02"," 12"," 10"
"2015 02 12 11",3,"2015"," 02"," 12"," 11"
"2015 02 12 12",16,"2015"," 02"," 12"," 12"
"2015 02 12 13",8,"2015"," 02"," 12"," 13"
"2015 02 12 14",14,"2015"," 02"," 12"," 14"
"2015 02 12 15",20,"2015"," 02"," 12"," 15"
"2015 02 12 16",23,"2015"," 02"," 12"," 16"
"2015 02 12 17",23,"2015"," 02"," 12"," 17"
"2015 02 12 18",10,"2015"," 02"," 12"," 18"
"2015 02 12 19",6,"2015"," 02"," 12"," 19"
"2015 02 13 08",1,"2015"," 02"," 13"," 08"
"2015 02 13 09",17,"2015"," 02"," 13"," 09"
"2015 02 13 10",7,"2015"," 02"," 13"," 10"
"2015 02 13 11",14,"2015"," 02"," 13"," 11"
"2015 02 13 12",11,"2015"," 02"," 13"," 12"
"2015 02 13 13",9,"2015"," 02"," 13"," 13"
"2015 02 13 14",14,"2015"," 02"," 13"," 14"
"2015 02 13 15",4,"2015"," 02"," 13"," 15"
"2015 02 13 16",16,"2015"," 02"," 13"," 16"
"2015 02 13 17",20,"2015"," 02"," 13"," 17"
"2015 02 13 18",16,"2015"," 02"," 13"," 18"
"2015 02 13 19",9,"2015"," 02"," 13"," 19"
"2015 02 14 09",6,"2015"," 02"," 14"," 09"
"2015 02 14 10",15,"2015"," 02"," 14"," 10"
"2015 02 14 11",22,"2015"," 02"," 14"," 11"
"2015 02 14 12",20,"2015"," 02"," 14"," 12"
"2015 02 14 13",14,"2015"," 02"," 14"," 13"
"2015 02 14 14",3,"2015"," 02"," 14"," 14"
"2015 02 16 09",12,"2015"," 02"," 16"," 09"
"2015 02 16 10",7,"2015"," 02"," 16"," 10"
"2015 02 16 11",36,"2015"," 02"," 16"," 11"
"2015 02 16 12",10,"2015"," 02"," 16"," 12"
"2015 02 16 13",31,"2015"," 02"," 16"," 13"
"2015 02 16 14",18,"2015"," 02"," 16"," 14"
"2015 02 16 15",26,"2015"," 02"," 16"," 15"
"2015 02 16 16",32,"2015"," 02"," 16"," 16"
"2015 02 16 17",20,"2015"," 02"," 16"," 17"
"2015 02 16 18",4,"2015"," 02"," 16"," 18"
"2015 02 16 19",9,"2015"," 02"," 16"," 19"
"2015 02 17 08",3,"2015"," 02"," 17"," 08"
"2015 02 17 09",3,"2015"," 02"," 17"," 09"
"2015 02 17 10",12,"2015"," 02"," 17"," 10"
"2015 02 17 11",12,"2015"," 02"," 17"," 11"
"2015 02 17 12",15,"2015"," 02"," 17"," 12"
"2015 02 17 13",8,"2015"," 02"," 17"," 13"
"2015 02 17 14",18,"2015"," 02"," 17"," 14"
"2015 02 17 15",7,"2015"," 02"," 17"," 15"
"2015 02 17 16",21,"2015"," 02"," 17"," 16"
"2015 02 17 17",14,"2015"," 02"," 17"," 17"
"2015 02 17 18",16,"2015"," 02"," 17"," 18"
"2015 02 17 19",12,"2015"," 02"," 17"," 19"
"2015 02 18 08",5,"2015"," 02"," 18"," 08"
"2015 02 18 09",10,"2015"," 02"," 18"," 09"
"2015 02 18 10",5,"2015"," 02"," 18"," 10"
"2015 02 18 11",5,"2015"," 02"," 18"," 11"
"2015 02 18 12",14,"2015"," 02"," 18"," 12"
"2015 02 18 13",12,"2015"," 02"," 18"," 13"
"2015 02 18 14",5,"2015"," 02"," 18"," 14"
"2015 02 18 15",24,"2015"," 02"," 18"," 15"
"2015 02 18 16",13,"2015"," 02"," 18"," 16"
"2015 02 18 17",8,"2015"," 02"," 18"," 17"
"2015 02 18 18",9,"2015"," 02"," 18"," 18"
"2015 02 18 19",4,"2015"," 02"," 18"," 19"
"2015 02 19 08",6,"2015"," 02"," 19"," 08"
"2015 02 19 09",8,"2015"," 02"," 19"," 09"
"2015 02 19 10",10,"2015"," 02"," 19"," 10"
"2015 02 19 11",11,"2015"," 02"," 19"," 11"
"2015 02 19 12",19,"2015"," 02"," 19"," 12"
"2015 02 19 13",19,"2015"," 02"," 19"," 13"
"2015 02 19 14",10,"2015"," 02"," 19"," 14"
"2015 02 19 15",6,"2015"," 02"," 19"," 15"
"2015 02 19 16",9,"2015"," 02"," 19"," 16"
"2015 02 19 17",5,"2015"," 02"," 19"," 17"
"2015 02 19 18",12,"2015"," 02"," 19"," 18"
"2015 02 19 19",7,"2015"," 02"," 19"," 19"
"2015 02 20 09",16,"2015"," 02"," 20"," 09"
"2015 02 20 10",4,"2015"," 02"," 20"," 10"
"2015 02 20 11",6,"2015"," 02"," 20"," 11"
"2015 02 20 12",20,"2015"," 02"," 20"," 12"
"2015 02 20 13",14,"2015"," 02"," 20"," 13"
"2015 02 20 14",17,"2015"," 02"," 20"," 14"
"2015 02 20 15",15,"2015"," 02"," 20"," 15"
"2015 02 20 16",18,"2015"," 02"," 20"," 16"
"2015 02 20 17",18,"2015"," 02"," 20"," 17"
"2015 02 20 18",11,"2015"," 02"," 20"," 18"
"2015 02 20 19",1,"2015"," 02"," 20"," 19"
"2015 02 21 09",3,"2015"," 02"," 21"," 09"
"2015 02 21 10",14,"2015"," 02"," 21"," 10"
"2015 02 21 11",13,"2015"," 02"," 21"," 11"
"2015 02 21 12",15,"2015"," 02"," 21"," 12"
"2015 02 21 13",18,"2015"," 02"," 21"," 13"
"2015 02 24 09",6,"2015"," 02"," 24"," 09"
"2015 02 24 10",18,"2015"," 02"," 24"," 10"
"2015 02 24 11",18,"2015"," 02"," 24"," 11"
"2015 02 24 12",16,"2015"," 02"," 24"," 12"
"2015 02 24 13",17,"2015"," 02"," 24"," 13"
"2015 02 24 14",23,"2015"," 02"," 24"," 14"
"2015 02 24 15",12,"2015"," 02"," 24"," 15"
"2015 02 24 16",13,"2015"," 02"," 24"," 16"
"2015 02 24 17",10,"2015"," 02"," 24"," 17"
"2015 02 24 18",19,"2015"," 02"," 24"," 18"
"2015 02 24 19",15,"2015"," 02"," 24"," 19"
"2015 02 25 08",3,"2015"," 02"," 25"," 08"
"2015 02 25 09",20,"2015"," 02"," 25"," 09"
"2015 02 25 10",12,"2015"," 02"," 25"," 10"
"2015 02 25 11",14,"2015"," 02"," 25"," 11"
"2015 02 25 12",3,"2015"," 02"," 25"," 12"
"2015 02 25 13",12,"2015"," 02"," 25"," 13"
"2015 02 25 14",7,"2015"," 02"," 25"," 14"
"2015 02 25 15",11,"2015"," 02"," 25"," 15"
"2015 02 25 16",12,"2015"," 02"," 25"," 16"
"2015 02 25 17",24,"2015"," 02"," 25"," 17"
"2015 02 25 18",11,"2015"," 02"," 25"," 18"
"2015 02 25 19",11,"2015"," 02"," 25"," 19"
"2015 02 26 09",3,"2015"," 02"," 26"," 09"
"2015 02 26 10",23,"2015"," 02"," 26"," 10"
"2015 02 26 11",24,"2015"," 02"," 26"," 11"
"2015 02 26 12",3,"2015"," 02"," 26"," 12"
"2015 02 26 13",10,"2015"," 02"," 26"," 13"
"2015 02 26 14",12,"2015"," 02"," 26"," 14"
"2015 02 26 15",6,"2015"," 02"," 26"," 15"
"2015 02 26 16",19,"2015"," 02"," 26"," 16"
"2015 02 26 17",20,"2015"," 02"," 26"," 17"
"2015 02 26 18",11,"2015"," 02"," 26"," 18"
"2015 02 26 19",4,"2015"," 02"," 26"," 19"
"2015 02 27 08",8,"2015"," 02"," 27"," 08"
"2015 02 27 09",15,"2015"," 02"," 27"," 09"
"2015 02 27 10",12,"2015"," 02"," 27"," 10"
"2015 02 27 11",12,"2015"," 02"," 27"," 11"
"2015 02 27 13",12,"2015"," 02"," 27"," 13"
"2015 02 27 14",17,"2015"," 02"," 27"," 14"
"2015 02 27 15",30,"2015"," 02"," 27"," 15"
"2015 02 27 16",10,"2015"," 02"," 27"," 16"
"2015 02 27 17",12,"2015"," 02"," 27"," 17"
"2015 02 27 18",18,"2015"," 02"," 27"," 18"
"2015 02 27 19",6,"2015"," 02"," 27"," 19"
"2015 02 28 09",3,"2015"," 02"," 28"," 09"
"2015 02 28 10",9,"2015"," 02"," 28"," 10"
"2015 02 28 11",6,"2015"," 02"," 28"," 11"
"2015 02 28 12",23,"2015"," 02"," 28"," 12"
"2015 02 28 13",27,"2015"," 02"," 28"," 13"
"2015 02 28 14",1,"2015"," 02"," 28"," 14"
"2015 03 02 09",18,"2015"," 03"," 02"," 09"
"2015 03 02 10",15,"2015"," 03"," 02"," 10"
"2015 03 02 11",31,"2015"," 03"," 02"," 11"
"2015 03 02 12",21,"2015"," 03"," 02"," 12"
"2015 03 02 13",15,"2015"," 03"," 02"," 13"
"2015 03 02 14",10,"2015"," 03"," 02"," 14"
"2015 03 02 15",15,"2015"," 03"," 02"," 15"
"2015 03 02 16",24,"2015"," 03"," 02"," 16"
"2015 03 02 17",20,"2015"," 03"," 02"," 17"
"2015 03 02 18",19,"2015"," 03"," 02"," 18"
"2015 03 02 19",3,"2015"," 03"," 02"," 19"
"2015 03 03 08",3,"2015"," 03"," 03"," 08"
"2015 03 03 09",2,"2015"," 03"," 03"," 09"
"2015 03 03 10",13,"2015"," 03"," 03"," 10"
"2015 03 03 11",23,"2015"," 03"," 03"," 11"
"2015 03 03 12",6,"2015"," 03"," 03"," 12"
"2015 03 03 13",6,"2015"," 03"," 03"," 13"
"2015 03 03 14",9,"2015"," 03"," 03"," 14"
"2015 03 03 15",9,"2015"," 03"," 03"," 15"
"2015 03 03 16",6,"2015"," 03"," 03"," 16"
"2015 03 03 17",14,"2015"," 03"," 03"," 17"
"2015 03 03 18",13,"2015"," 03"," 03"," 18"
"2015 03 03 19",6,"2015"," 03"," 03"," 19"
"2015 03 04 09",4,"2015"," 03"," 04"," 09"
"2015 03 04 13",2,"2015"," 03"," 04"," 13"
"2015 03 05 08",10,"2015"," 03"," 05"," 08"
"2015 03 05 09",12,"2015"," 03"," 05"," 09"
"2015 03 05 10",11,"2015"," 03"," 05"," 10"
"2015 03 05 11",3,"2015"," 03"," 05"," 11"
"2015 03 05 12",23,"2015"," 03"," 05"," 12"
"2015 03 05 13",34,"2015"," 03"," 05"," 13"
"2015 03 05 14",26,"2015"," 03"," 05"," 14"
"2015 03 05 15",10,"2015"," 03"," 05"," 15"
"2015 03 05 16",6,"2015"," 03"," 05"," 16"
"2015 03 05 17",29,"2015"," 03"," 05"," 17"
"2015 03 05 18",4,"2015"," 03"," 05"," 18"
"2015 03 05 19",9,"2015"," 03"," 05"," 19"
"2015 03 06 08",6,"2015"," 03"," 06"," 08"
"2015 03 06 09",14,"2015"," 03"," 06"," 09"
"2015 03 06 10",16,"2015"," 03"," 06"," 10"
"2015 03 06 11",13,"2015"," 03"," 06"," 11"
"2015 03 06 12",8,"2015"," 03"," 06"," 12"
"2015 03 06 13",12,"2015"," 03"," 06"," 13"
"2015 03 06 14",1,"2015"," 03"," 06"," 14"
"2015 03 06 15",17,"2015"," 03"," 06"," 15"
"2015 03 06 16",10,"2015"," 03"," 06"," 16"
"2015 03 06 18",12,"2015"," 03"," 06"," 18"
"2015 03 06 19",3,"2015"," 03"," 06"," 19"
"2015 03 07 09",8,"2015"," 03"," 07"," 09"
"2015 03 07 10",12,"2015"," 03"," 07"," 10"
"2015 03 07 11",7,"2015"," 03"," 07"," 11"
"2015 03 07 12",28,"2015"," 03"," 07"," 12"
"2015 03 07 13",10,"2015"," 03"," 07"," 13"
"2015 03 07 14",1,"2015"," 03"," 07"," 14"
"2015 03 10 08",6,"2015"," 03"," 10"," 08"
"2015 03 10 09",14,"2015"," 03"," 10"," 09"
"2015 03 10 10",21,"2015"," 03"," 10"," 10"
"2015 03 10 11",24,"2015"," 03"," 10"," 11"
"2015 03 10 12",24,"2015"," 03"," 10"," 12"
"2015 03 10 13",15,"2015"," 03"," 10"," 13"
"2015 03 10 14",15,"2015"," 03"," 10"," 14"
"2015 03 10 15",9,"2015"," 03"," 10"," 15"
"2015 03 10 16",15,"2015"," 03"," 10"," 16"
"2015 03 10 17",17,"2015"," 03"," 10"," 17"
"2015 03 10 18",16,"2015"," 03"," 10"," 18"
"2015 03 10 19",3,"2015"," 03"," 10"," 19"
"2015 03 11 08",2,"2015"," 03"," 11"," 08"
"2015 03 11 09",15,"2015"," 03"," 11"," 09"
"2015 03 11 10",13,"2015"," 03"," 11"," 10"
"2015 03 11 11",17,"2015"," 03"," 11"," 11"
"2015 03 11 12",6,"2015"," 03"," 11"," 12"
"2015 03 11 13",16,"2015"," 03"," 11"," 13"
"2015 03 11 14",11,"2015"," 03"," 11"," 14"
"2015 03 11 15",21,"2015"," 03"," 11"," 15"
"2015 03 11 16",19,"2015"," 03"," 11"," 16"
"2015 03 11 17",3,"2015"," 03"," 11"," 17"
"2015 03 11 18",11,"2015"," 03"," 11"," 18"
"2015 03 11 19",4,"2015"," 03"," 11"," 19"
"2015 03 12 08",4,"2015"," 03"," 12"," 08"
"2015 03 12 09",9,"2015"," 03"," 12"," 09"
"2015 03 12 10",7,"2015"," 03"," 12"," 10"
"2015 03 12 11",21,"2015"," 03"," 12"," 11"
"2015 03 12 12",3,"2015"," 03"," 12"," 12"
"2015 03 12 13",12,"2015"," 03"," 12"," 13"
"2015 03 12 14",11,"2015"," 03"," 12"," 14"
"2015 03 12 15",14,"2015"," 03"," 12"," 15"
"2015 03 12 16",14,"2015"," 03"," 12"," 16"
"2015 03 12 17",17,"2015"," 03"," 12"," 17"
"2015 03 12 18",11,"2015"," 03"," 12"," 18"
"2015 03 12 19",4,"2015"," 03"," 12"," 19"
"2015 03 13 08",9,"2015"," 03"," 13"," 08"
"2015 03 13 09",15,"2015"," 03"," 13"," 09"
"2015 03 13 10",14,"2015"," 03"," 13"," 10"
"2015 03 13 11",13,"2015"," 03"," 13"," 11"
"2015 03 13 12",11,"2015"," 03"," 13"," 12"
"2015 03 13 13",20,"2015"," 03"," 13"," 13"
"2015 03 13 14",16,"2015"," 03"," 13"," 14"
"2015 03 13 15",25,"2015"," 03"," 13"," 15"
"2015 03 13 16",3,"2015"," 03"," 13"," 16"
"2015 03 13 17",8,"2015"," 03"," 13"," 17"
"2015 03 13 18",15,"2015"," 03"," 13"," 18"
"2015 03 13 19",3,"2015"," 03"," 13"," 19"
"2015 03 14 09",7,"2015"," 03"," 14"," 09"
"2015 03 14 10",8,"2015"," 03"," 14"," 10"
"2015 03 14 11",9,"2015"," 03"," 14"," 11"
"2015 03 14 12",9,"2015"," 03"," 14"," 12"
"2015 03 14 13",6,"2015"," 03"," 14"," 13"
"2015 03 16 08",17,"2015"," 03"," 16"," 08"
"2015 03 16 09",5,"2015"," 03"," 16"," 09"
"2015 03 16 10",6,"2015"," 03"," 16"," 10"
"2015 03 16 11",4,"2015"," 03"," 16"," 11"
"2015 03 16 12",13,"2015"," 03"," 16"," 12"
"2015 03 16 13",10,"2015"," 03"," 16"," 13"
"2015 03 16 14",8,"2015"," 03"," 16"," 14"
"2015 03 16 15",7,"2015"," 03"," 16"," 15"
"2015 03 16 16",17,"2015"," 03"," 16"," 16"
"2015 03 16 17",6,"2015"," 03"," 16"," 17"
"2015 03 16 18",3,"2015"," 03"," 16"," 18"
"2015 03 16 19",10,"2015"," 03"," 16"," 19"
"2015 03 17 08",4,"2015"," 03"," 17"," 08"
"2015 03 17 09",11,"2015"," 03"," 17"," 09"
"2015 03 17 10",18,"2015"," 03"," 17"," 10"
"2015 03 17 11",12,"2015"," 03"," 17"," 11"
"2015 03 17 12",8,"2015"," 03"," 17"," 12"
"2015 03 17 13",16,"2015"," 03"," 17"," 13"
"2015 03 17 14",11,"2015"," 03"," 17"," 14"
"2015 03 17 15",8,"2015"," 03"," 17"," 15"
"2015 03 17 16",22,"2015"," 03"," 17"," 16"
"2015 03 17 17",15,"2015"," 03"," 17"," 17"
"2015 03 17 18",9,"2015"," 03"," 17"," 18"
"2015 03 17 19",10,"2015"," 03"," 17"," 19"
"2015 03 18 08",15,"2015"," 03"," 18"," 08"
"2015 03 18 09",12,"2015"," 03"," 18"," 09"
"2015 03 18 10",12,"2015"," 03"," 18"," 10"
"2015 03 18 11",14,"2015"," 03"," 18"," 11"
"2015 03 18 12",24,"2015"," 03"," 18"," 12"
"2015 03 18 13",16,"2015"," 03"," 18"," 13"
"2015 03 18 14",11,"2015"," 03"," 18"," 14"
"2015 03 18 15",14,"2015"," 03"," 18"," 15"
"2015 03 18 16",28,"2015"," 03"," 18"," 16"
"2015 03 18 17",14,"2015"," 03"," 18"," 17"
"2015 03 18 18",18,"2015"," 03"," 18"," 18"
"2015 03 18 19",10,"2015"," 03"," 18"," 19"
"2015 03 19 08",9,"2015"," 03"," 19"," 08"
"2015 03 19 09",5,"2015"," 03"," 19"," 09"
"2015 03 19 10",4,"2015"," 03"," 19"," 10"
"2015 03 19 11",11,"2015"," 03"," 19"," 11"
"2015 03 19 12",10,"2015"," 03"," 19"," 12"
"2015 03 19 13",15,"2015"," 03"," 19"," 13"
"2015 03 19 14",8,"2015"," 03"," 19"," 14"
"2015 03 19 15",7,"2015"," 03"," 19"," 15"
"2015 03 19 16",12,"2015"," 03"," 19"," 16"
"2015 03 19 17",18,"2015"," 03"," 19"," 17"
"2015 03 19 18",11,"2015"," 03"," 19"," 18"
"2015 03 19 19",4,"2015"," 03"," 19"," 19"
"2015 03 20 08",3,"2015"," 03"," 20"," 08"
"2015 03 20 09",6,"2015"," 03"," 20"," 09"
"2015 03 20 10",14,"2015"," 03"," 20"," 10"
"2015 03 20 11",7,"2015"," 03"," 20"," 11"
"2015 03 20 12",11,"2015"," 03"," 20"," 12"
"2015 03 20 13",16,"2015"," 03"," 20"," 13"
"2015 03 20 14",17,"2015"," 03"," 20"," 14"
"2015 03 20 15",25,"2015"," 03"," 20"," 15"
"2015 03 20 16",24,"2015"," 03"," 20"," 16"
"2015 03 20 17",8,"2015"," 03"," 20"," 17"
"2015 03 20 18",6,"2015"," 03"," 20"," 18"
"2015 03 20 19",7,"2015"," 03"," 20"," 19"
"2015 03 21 09",10,"2015"," 03"," 21"," 09"
"2015 03 21 10",14,"2015"," 03"," 21"," 10"
"2015 03 21 11",29,"2015"," 03"," 21"," 11"
"2015 03 21 12",14,"2015"," 03"," 21"," 12"
"2015 03 21 13",13,"2015"," 03"," 21"," 13"
"2015 03 21 14",1,"2015"," 03"," 21"," 14"
"2015 03 23 09",13,"2015"," 03"," 23"," 09"
"2015 03 23 10",8,"2015"," 03"," 23"," 10"
"2015 03 23 11",12,"2015"," 03"," 23"," 11"
"2015 03 23 12",18,"2015"," 03"," 23"," 12"
"2015 03 23 13",8,"2015"," 03"," 23"," 13"
"2015 03 23 14",22,"2015"," 03"," 23"," 14"
"2015 03 23 15",21,"2015"," 03"," 23"," 15"
"2015 03 23 16",14,"2015"," 03"," 23"," 16"
"2015 03 23 17",35,"2015"," 03"," 23"," 17"
"2015 03 23 18",17,"2015"," 03"," 23"," 18"
"2015 03 23 19",6,"2015"," 03"," 23"," 19"
"2015 03 24 08",3,"2015"," 03"," 24"," 08"
"2015 03 24 09",9,"2015"," 03"," 24"," 09"
"2015 03 24 10",17,"2015"," 03"," 24"," 10"
"2015 03 24 11",27,"2015"," 03"," 24"," 11"
"2015 03 24 12",9,"2015"," 03"," 24"," 12"
"2015 03 24 13",8,"2015"," 03"," 24"," 13"
"2015 03 24 14",14,"2015"," 03"," 24"," 14"
"2015 03 24 15",9,"2015"," 03"," 24"," 15"
"2015 03 24 16",11,"2015"," 03"," 24"," 16"
"2015 03 24 17",15,"2015"," 03"," 24"," 17"
"2015 03 24 18",7,"2015"," 03"," 24"," 18"
"2015 03 24 19",3,"2015"," 03"," 24"," 19"
"2015 03 25 08",3,"2015"," 03"," 25"," 08"
"2015 03 25 09",6,"2015"," 03"," 25"," 09"
"2015 03 25 10",11,"2015"," 03"," 25"," 10"
"2015 03 25 11",9,"2015"," 03"," 25"," 11"
"2015 03 25 12",16,"2015"," 03"," 25"," 12"
"2015 03 25 13",6,"2015"," 03"," 25"," 13"
"2015 03 25 14",13,"2015"," 03"," 25"," 14"
"2015 03 25 15",11,"2015"," 03"," 25"," 15"
"2015 03 25 16",17,"2015"," 03"," 25"," 16"
"2015 03 25 17",4,"2015"," 03"," 25"," 17"
"2015 03 25 18",13,"2015"," 03"," 25"," 18"
"2015 03 25 19",2,"2015"," 03"," 25"," 19"
"2015 03 26 08",11,"2015"," 03"," 26"," 08"
"2015 03 26 09",8,"2015"," 03"," 26"," 09"
"2015 03 26 10",15,"2015"," 03"," 26"," 10"
"2015 03 26 11",10,"2015"," 03"," 26"," 11"
"2015 03 26 12",8,"2015"," 03"," 26"," 12"
"2015 03 26 13",7,"2015"," 03"," 26"," 13"
"2015 03 26 14",29,"2015"," 03"," 26"," 14"
"2015 03 26 15",21,"2015"," 03"," 26"," 15"
"2015 03 26 16",13,"2015"," 03"," 26"," 16"
"2015 03 26 17",11,"2015"," 03"," 26"," 17"
"2015 03 26 18",17,"2015"," 03"," 26"," 18"
"2015 03 26 19",2,"2015"," 03"," 26"," 19"
"2015 03 27 09",2,"2015"," 03"," 27"," 09"
"2015 03 27 10",15,"2015"," 03"," 27"," 10"
"2015 03 27 11",27,"2015"," 03"," 27"," 11"
"2015 03 27 12",19,"2015"," 03"," 27"," 12"
"2015 03 27 13",11,"2015"," 03"," 27"," 13"
"2015 03 27 14",21,"2015"," 03"," 27"," 14"
"2015 03 27 15",21,"2015"," 03"," 27"," 15"
"2015 03 27 16",23,"2015"," 03"," 27"," 16"
"2015 03 27 17",11,"2015"," 03"," 27"," 17"
"2015 03 27 18",15,"2015"," 03"," 27"," 18"
"2015 03 27 19",1,"2015"," 03"," 27"," 19"
"2015 03 28 09",12,"2015"," 03"," 28"," 09"
"2015 03 28 10",18,"2015"," 03"," 28"," 10"
"2015 03 28 11",24,"2015"," 03"," 28"," 11"
"2015 03 28 12",11,"2015"," 03"," 28"," 12"
"2015 03 28 13",25,"2015"," 03"," 28"," 13"
"2015 03 28 14",1,"2015"," 03"," 28"," 14"
"2015 03 30 08",9,"2015"," 03"," 30"," 08"
"2015 03 30 09",15,"2015"," 03"," 30"," 09"
"2015 03 30 10",9,"2015"," 03"," 30"," 10"
"2015 03 30 11",18,"2015"," 03"," 30"," 11"
"2015 03 30 12",29,"2015"," 03"," 30"," 12"
"2015 03 30 13",20,"2015"," 03"," 30"," 13"
"2015 03 30 14",21,"2015"," 03"," 30"," 14"
"2015 03 30 15",13,"2015"," 03"," 30"," 15"
"2015 03 30 16",29,"2015"," 03"," 30"," 16"
"2015 03 30 17",7,"2015"," 03"," 30"," 17"
"2015 03 30 18",8,"2015"," 03"," 30"," 18"
"2015 03 30 19",4,"2015"," 03"," 30"," 19"
"2015 03 31 08",6,"2015"," 03"," 31"," 08"
"2015 03 31 09",12,"2015"," 03"," 31"," 09"
"2015 03 31 10",6,"2015"," 03"," 31"," 10"
"2015 03 31 11",13,"2015"," 03"," 31"," 11"
"2015 03 31 12",13,"2015"," 03"," 31"," 12"
"2015 03 31 13",7,"2015"," 03"," 31"," 13"
"2015 03 31 14",9,"2015"," 03"," 31"," 14"
"2015 03 31 15",6,"2015"," 03"," 31"," 15"
"2015 03 31 16",6,"2015"," 03"," 31"," 16"
"2015 03 31 17",16,"2015"," 03"," 31"," 17"
"2015 03 31 18",26,"2015"," 03"," 31"," 18"
"2015 04 01 08",3,"2015"," 04"," 01"," 08"
"2015 04 01 10",15,"2015"," 04"," 01"," 10"
"2015 04 01 11",13,"2015"," 04"," 01"," 11"
"2015 04 01 12",4,"2015"," 04"," 01"," 12"
"2015 04 01 13",6,"2015"," 04"," 01"," 13"
"2015 04 01 14",7,"2015"," 04"," 01"," 14"
"2015 04 01 15",14,"2015"," 04"," 01"," 15"
"2015 04 01 16",23,"2015"," 04"," 01"," 16"
"2015 04 01 17",5,"2015"," 04"," 01"," 17"
"2015 04 01 18",11,"2015"," 04"," 01"," 18"
"2015 04 01 19",7,"2015"," 04"," 01"," 19"
"2015 04 02 08",3,"2015"," 04"," 02"," 08"
"2015 04 02 09",14,"2015"," 04"," 02"," 09"
"2015 04 02 10",18,"2015"," 04"," 02"," 10"
"2015 04 02 11",20,"2015"," 04"," 02"," 11"
"2015 04 02 12",12,"2015"," 04"," 02"," 12"
"2015 04 02 13",18,"2015"," 04"," 02"," 13"
"2015 04 02 14",20,"2015"," 04"," 02"," 14"
"2015 04 02 15",27,"2015"," 04"," 02"," 15"
"2015 04 02 16",10,"2015"," 04"," 02"," 16"
"2015 04 02 17",17,"2015"," 04"," 02"," 17"
"2015 04 02 18",1,"2015"," 04"," 02"," 18"
"2015 04 02 19",9,"2015"," 04"," 02"," 19"
"2015 04 03 09",12,"2015"," 04"," 03"," 09"
"2015 04 03 10",20,"2015"," 04"," 03"," 10"
"2015 04 03 11",13,"2015"," 04"," 03"," 11"
"2015 04 03 12",33,"2015"," 04"," 03"," 12"
"2015 04 03 13",17,"2015"," 04"," 03"," 13"
"2015 04 03 14",15,"2015"," 04"," 03"," 14"
"2015 04 03 15",13,"2015"," 04"," 03"," 15"
"2015 04 03 16",6,"2015"," 04"," 03"," 16"
"2015 04 03 17",15,"2015"," 04"," 03"," 17"
"2015 04 03 18",22,"2015"," 04"," 03"," 18"
"2015 04 03 19",3,"2015"," 04"," 03"," 19"
"2015 04 04 09",8,"2015"," 04"," 04"," 09"
"2015 04 04 10",4,"2015"," 04"," 04"," 10"
"2015 04 04 11",15,"2015"," 04"," 04"," 11"
"2015 04 04 12",18,"2015"," 04"," 04"," 12"
"2015 04 04 13",6,"2015"," 04"," 04"," 13"
"2015 04 06 08",5,"2015"," 04"," 06"," 08"
"2015 04 06 09",16,"2015"," 04"," 06"," 09"
"2015 04 06 10",21,"2015"," 04"," 06"," 10"
"2015 04 06 11",9,"2015"," 04"," 06"," 11"
"2015 04 06 12",29,"2015"," 04"," 06"," 12"
"2015 04 06 13",44,"2015"," 04"," 06"," 13"
"2015 04 06 14",22,"2015"," 04"," 06"," 14"
"2015 04 06 15",25,"2015"," 04"," 06"," 15"
"2015 04 06 16",28,"2015"," 04"," 06"," 16"
"2015 04 06 17",15,"2015"," 04"," 06"," 17"
"2015 04 06 18",5,"2015"," 04"," 06"," 18"
"2015 04 06 19",10,"2015"," 04"," 06"," 19"
"2015 04 06 20",1,"2015"," 04"," 06"," 20"
"2015 04 07 08",9,"2015"," 04"," 07"," 08"
"2015 04 07 09",3,"2015"," 04"," 07"," 09"
"2015 04 07 10",11,"2015"," 04"," 07"," 10"
"2015 04 07 11",23,"2015"," 04"," 07"," 11"
"2015 04 07 12",7,"2015"," 04"," 07"," 12"
"2015 04 07 13",19,"2015"," 04"," 07"," 13"
"2015 04 07 14",11,"2015"," 04"," 07"," 14"
"2015 04 07 15",16,"2015"," 04"," 07"," 15"
"2015 04 07 16",13,"2015"," 04"," 07"," 16"
"2015 04 07 17",9,"2015"," 04"," 07"," 17"
"2015 04 07 18",30,"2015"," 04"," 07"," 18"
"2015 04 07 19",18,"2015"," 04"," 07"," 19"
"2015 04 08 08",3,"2015"," 04"," 08"," 08"
"2015 04 08 09",17,"2015"," 04"," 08"," 09"
"2015 04 08 10",14,"2015"," 04"," 08"," 10"
"2015 04 08 11",13,"2015"," 04"," 08"," 11"
"2015 04 08 12",33,"2015"," 04"," 08"," 12"
"2015 04 08 13",22,"2015"," 04"," 08"," 13"
"2015 04 08 14",5,"2015"," 04"," 08"," 14"
"2015 04 08 15",12,"2015"," 04"," 08"," 15"
"2015 04 08 16",35,"2015"," 04"," 08"," 16"
"2015 04 08 17",16,"2015"," 04"," 08"," 17"
"2015 04 08 18",17,"2015"," 04"," 08"," 18"
"2015 04 08 19",1,"2015"," 04"," 08"," 19"
"2015 04 09 08",6,"2015"," 04"," 09"," 08"
"2015 04 09 09",11,"2015"," 04"," 09"," 09"
"2015 04 09 10",14,"2015"," 04"," 09"," 10"
"2015 04 09 11",6,"2015"," 04"," 09"," 11"
"2015 04 09 12",15,"2015"," 04"," 09"," 12"
"2015 04 09 13",10,"2015"," 04"," 09"," 13"
"2015 04 09 14",28,"2015"," 04"," 09"," 14"
"2015 04 09 15",3,"2015"," 04"," 09"," 15"
"2015 04 09 16",24,"2015"," 04"," 09"," 16"
"2015 04 09 17",6,"2015"," 04"," 09"," 17"
"2015 04 09 18",12,"2015"," 04"," 09"," 18"
"2015 04 09 19",18,"2015"," 04"," 09"," 19"
"2015 04 10 08",6,"2015"," 04"," 10"," 08"
"2015 04 10 09",12,"2015"," 04"," 10"," 09"
"2015 04 10 10",15,"2015"," 04"," 10"," 10"
"2015 04 10 11",8,"2015"," 04"," 10"," 11"
"2015 04 10 12",16,"2015"," 04"," 10"," 12"
"2015 04 10 13",19,"2015"," 04"," 10"," 13"
"2015 04 10 14",17,"2015"," 04"," 10"," 14"
"2015 04 10 15",10,"2015"," 04"," 10"," 15"
"2015 04 10 16",13,"2015"," 04"," 10"," 16"
"2015 04 10 17",18,"2015"," 04"," 10"," 17"
"2015 04 10 18",16,"2015"," 04"," 10"," 18"
"2015 04 10 19",16,"2015"," 04"," 10"," 19"
"2015 04 11 09",1,"2015"," 04"," 11"," 09"
"2015 04 11 10",21,"2015"," 04"," 11"," 10"
"2015 04 11 11",9,"2015"," 04"," 11"," 11"
"2015 04 11 12",8,"2015"," 04"," 11"," 12"
"2015 04 11 13",14,"2015"," 04"," 11"," 13"
"2015 04 11 14",1,"2015"," 04"," 11"," 14"
"2015 04 13 09",5,"2015"," 04"," 13"," 09"
"2015 04 13 10",9,"2015"," 04"," 13"," 10"
"2015 04 13 11",7,"2015"," 04"," 13"," 11"
"2015 04 13 12",10,"2015"," 04"," 13"," 12"
"2015 04 13 13",16,"2015"," 04"," 13"," 13"
"2015 04 13 14",11,"2015"," 04"," 13"," 14"
"2015 04 13 15",1,"2015"," 04"," 13"," 15"
"2015 04 13 18",15,"2015"," 04"," 13"," 18"
"2015 04 13 19",9,"2015"," 04"," 13"," 19"
"2015 04 14 10",20,"2015"," 04"," 14"," 10"
"2015 04 14 11",20,"2015"," 04"," 14"," 11"
"2015 04 14 12",16,"2015"," 04"," 14"," 12"
"2015 04 14 13",24,"2015"," 04"," 14"," 13"
"2015 04 14 14",12,"2015"," 04"," 14"," 14"
"2015 04 14 15",8,"2015"," 04"," 14"," 15"
"2015 04 14 16",21,"2015"," 04"," 14"," 16"
"2015 04 14 17",18,"2015"," 04"," 14"," 17"
"2015 04 14 18",13,"2015"," 04"," 14"," 18"
"2015 04 14 19",3,"2015"," 04"," 14"," 19"
"2015 04 15 08",16,"2015"," 04"," 15"," 08"
"2015 04 15 09",14,"2015"," 04"," 15"," 09"
"2015 04 15 10",15,"2015"," 04"," 15"," 10"
"2015 04 15 11",9,"2015"," 04"," 15"," 11"
"2015 04 15 12",11,"2015"," 04"," 15"," 12"
"2015 04 15 13",22,"2015"," 04"," 15"," 13"
"2015 04 15 14",21,"2015"," 04"," 15"," 14"
"2015 04 15 15",12,"2015"," 04"," 15"," 15"
"2015 04 15 16",22,"2015"," 04"," 15"," 16"
"2015 04 15 17",17,"2015"," 04"," 15"," 17"
"2015 04 15 18",27,"2015"," 04"," 15"," 18"
"2015 04 15 19",3,"2015"," 04"," 15"," 19"
"2015 04 16 08",6,"2015"," 04"," 16"," 08"
"2015 04 16 09",2,"2015"," 04"," 16"," 09"
"2015 04 16 10",8,"2015"," 04"," 16"," 10"
"2015 04 16 11",19,"2015"," 04"," 16"," 11"
"2015 04 16 12",4,"2015"," 04"," 16"," 12"
"2015 04 16 13",2,"2015"," 04"," 16"," 13"
"2015 04 16 14",14,"2015"," 04"," 16"," 14"
"2015 04 16 15",7,"2015"," 04"," 16"," 15"
"2015 04 16 16",10,"2015"," 04"," 16"," 16"
"2015 04 16 17",6,"2015"," 04"," 16"," 17"
"2015 04 16 18",13,"2015"," 04"," 16"," 18"
"2015 04 16 19",6,"2015"," 04"," 16"," 19"
"2015 04 17 08",5,"2015"," 04"," 17"," 08"
"2015 04 17 09",18,"2015"," 04"," 17"," 09"
"2015 04 17 10",9,"2015"," 04"," 17"," 10"
"2015 04 17 11",15,"2015"," 04"," 17"," 11"
"2015 04 17 12",17,"2015"," 04"," 17"," 12"
"2015 04 17 13",29,"2015"," 04"," 17"," 13"
"2015 04 17 14",15,"2015"," 04"," 17"," 14"
"2015 04 17 15",22,"2015"," 04"," 17"," 15"
"2015 04 17 16",22,"2015"," 04"," 17"," 16"
"2015 04 17 17",13,"2015"," 04"," 17"," 17"
"2015 04 17 18",9,"2015"," 04"," 17"," 18"
"2015 04 17 19",6,"2015"," 04"," 17"," 19"
"2015 04 18 09",6,"2015"," 04"," 18"," 09"
"2015 04 18 10",9,"2015"," 04"," 18"," 10"
"2015 04 18 11",15,"2015"," 04"," 18"," 11"
"2015 04 18 12",12,"2015"," 04"," 18"," 12"
"2015 04 18 13",11,"2015"," 04"," 18"," 13"
"2015 04 18 14",1,"2015"," 04"," 18"," 14"
"2015 04 20 08",8,"2015"," 04"," 20"," 08"
"2015 04 20 09",26,"2015"," 04"," 20"," 09"
"2015 04 20 10",18,"2015"," 04"," 20"," 10"
"2015 04 20 11",18,"2015"," 04"," 20"," 11"
"2015 04 20 12",21,"2015"," 04"," 20"," 12"
"2015 04 20 13",35,"2015"," 04"," 20"," 13"
"2015 04 20 14",13,"2015"," 04"," 20"," 14"
"2015 04 20 15",6,"2015"," 04"," 20"," 15"
"2015 04 20 16",15,"2015"," 04"," 20"," 16"
"2015 04 20 17",22,"2015"," 04"," 20"," 17"
"2015 04 20 18",10,"2015"," 04"," 20"," 18"
"2015 04 21 08",3,"2015"," 04"," 21"," 08"
"2015 04 21 09",9,"2015"," 04"," 21"," 09"
"2015 04 21 10",15,"2015"," 04"," 21"," 10"
"2015 04 21 11",13,"2015"," 04"," 21"," 11"
"2015 04 21 12",13,"2015"," 04"," 21"," 12"
"2015 04 21 13",12,"2015"," 04"," 21"," 13"
"2015 04 21 14",6,"2015"," 04"," 21"," 14"
"2015 04 21 15",10,"2015"," 04"," 21"," 15"
"2015 04 21 16",14,"2015"," 04"," 21"," 16"
"2015 04 21 17",24,"2015"," 04"," 21"," 17"
"2015 04 21 18",34,"2015"," 04"," 21"," 18"
"2015 04 21 19",13,"2015"," 04"," 21"," 19"
"2015 04 22 08",1,"2015"," 04"," 22"," 08"
"2015 04 22 09",16,"2015"," 04"," 22"," 09"
"2015 04 22 10",25,"2015"," 04"," 22"," 10"
"2015 04 22 11",26,"2015"," 04"," 22"," 11"
"2015 04 22 12",16,"2015"," 04"," 22"," 12"
"2015 04 22 13",6,"2015"," 04"," 22"," 13"
"2015 04 22 14",6,"2015"," 04"," 22"," 14"
"2015 04 22 15",6,"2015"," 04"," 22"," 15"
"2015 04 22 16",17,"2015"," 04"," 22"," 16"
"2015 04 22 17",21,"2015"," 04"," 22"," 17"
"2015 04 22 18",21,"2015"," 04"," 22"," 18"
"2015 04 22 19",12,"2015"," 04"," 22"," 19"
"2015 04 23 08",2,"2015"," 04"," 23"," 08"
"2015 04 23 09",19,"2015"," 04"," 23"," 09"
"2015 04 23 10",18,"2015"," 04"," 23"," 10"
"2015 04 23 11",27,"2015"," 04"," 23"," 11"
"2015 04 23 12",30,"2015"," 04"," 23"," 12"
"2015 04 23 13",12,"2015"," 04"," 23"," 13"
"2015 04 23 14",12,"2015"," 04"," 23"," 14"
"2015 04 23 15",14,"2015"," 04"," 23"," 15"
"2015 04 23 16",14,"2015"," 04"," 23"," 16"
"2015 04 23 17",20,"2015"," 04"," 23"," 17"
"2015 04 23 18",8,"2015"," 04"," 23"," 18"
"2015 04 24 09",2,"2015"," 04"," 24"," 09"
"2015 04 24 10",19,"2015"," 04"," 24"," 10"
"2015 04 24 11",25,"2015"," 04"," 24"," 11"
"2015 04 24 12",24,"2015"," 04"," 24"," 12"
"2015 04 24 13",14,"2015"," 04"," 24"," 13"
"2015 04 24 14",14,"2015"," 04"," 24"," 14"
"2015 04 24 15",10,"2015"," 04"," 24"," 15"
"2015 04 24 16",6,"2015"," 04"," 24"," 16"
"2015 04 24 17",25,"2015"," 04"," 24"," 17"
"2015 04 24 18",36,"2015"," 04"," 24"," 18"
"2015 04 24 19",2,"2015"," 04"," 24"," 19"
"2015 04 25 09",3,"2015"," 04"," 25"," 09"
"2015 04 25 10",11,"2015"," 04"," 25"," 10"
"2015 04 25 11",26,"2015"," 04"," 25"," 11"
"2015 04 25 12",13,"2015"," 04"," 25"," 12"
"2015 04 25 13",9,"2015"," 04"," 25"," 13"
"2015 04 27 08",14,"2015"," 04"," 27"," 08"
"2015 04 27 09",9,"2015"," 04"," 27"," 09"
"2015 04 27 10",15,"2015"," 04"," 27"," 10"
"2015 04 27 11",23,"2015"," 04"," 27"," 11"
"2015 04 27 12",20,"2015"," 04"," 27"," 12"
"2015 04 27 13",20,"2015"," 04"," 27"," 13"
"2015 04 27 14",22,"2015"," 04"," 27"," 14"
"2015 04 27 15",12,"2015"," 04"," 27"," 15"
"2015 04 27 16",21,"2015"," 04"," 27"," 16"
"2015 04 27 17",14,"2015"," 04"," 27"," 17"
"2015 04 27 18",1,"2015"," 04"," 27"," 18"
"2015 04 27 19",12,"2015"," 04"," 27"," 19"
"2015 04 28 09",20,"2015"," 04"," 28"," 09"
"2015 04 28 10",10,"2015"," 04"," 28"," 10"
"2015 04 28 11",26,"2015"," 04"," 28"," 11"
"2015 04 28 12",11,"2015"," 04"," 28"," 12"
"2015 04 28 13",18,"2015"," 04"," 28"," 13"
"2015 04 28 14",26,"2015"," 04"," 28"," 14"
"2015 04 28 15",35,"2015"," 04"," 28"," 15"
"2015 04 28 16",18,"2015"," 04"," 28"," 16"
"2015 04 28 17",5,"2015"," 04"," 28"," 17"
"2015 04 28 18",8,"2015"," 04"," 28"," 18"
"2015 04 28 19",4,"2015"," 04"," 28"," 19"
"2015 04 29 08",1,"2015"," 04"," 29"," 08"
"2015 04 29 09",2,"2015"," 04"," 29"," 09"
"2015 04 29 10",5,"2015"," 04"," 29"," 10"
"2015 04 29 11",15,"2015"," 04"," 29"," 11"
"2015 04 29 12",27,"2015"," 04"," 29"," 12"
"2015 04 29 13",25,"2015"," 04"," 29"," 13"
"2015 04 29 14",14,"2015"," 04"," 29"," 14"
"2015 04 29 15",31,"2015"," 04"," 29"," 15"
"2015 04 29 16",6,"2015"," 04"," 29"," 16"
"2015 04 29 17",10,"2015"," 04"," 29"," 17"
"2015 04 29 18",9,"2015"," 04"," 29"," 18"
"2015 04 29 19",3,"2015"," 04"," 29"," 19"
"2015 04 30 08",5,"2015"," 04"," 30"," 08"
"2015 04 30 09",3,"2015"," 04"," 30"," 09"
"2015 04 30 10",13,"2015"," 04"," 30"," 10"
"2015 04 30 11",14,"2015"," 04"," 30"," 11"
"2015 04 30 12",4,"2015"," 04"," 30"," 12"
"2015 04 30 13",14,"2015"," 04"," 30"," 13"
"2015 04 30 14",15,"2015"," 04"," 30"," 14"
"2015 04 30 15",4,"2015"," 04"," 30"," 15"
"2015 04 30 16",37,"2015"," 04"," 30"," 16"
"2015 04 30 17",17,"2015"," 04"," 30"," 17"
"2015 04 30 18",12,"2015"," 04"," 30"," 18"
"2015 05 04 09",3,"2015"," 05"," 04"," 09"
"2015 05 04 11",8,"2015"," 05"," 04"," 11"
"2015 05 04 12",5,"2015"," 05"," 04"," 12"
"2015 05 04 13",6,"2015"," 05"," 04"," 13"
"2015 05 04 14",1,"2015"," 05"," 04"," 14"
"2015 05 05 08",3,"2015"," 05"," 05"," 08"
"2015 05 05 09",8,"2015"," 05"," 05"," 09"
"2015 05 05 10",16,"2015"," 05"," 05"," 10"
"2015 05 05 11",40,"2015"," 05"," 05"," 11"
"2015 05 05 12",31,"2015"," 05"," 05"," 12"
"2015 05 05 13",34,"2015"," 05"," 05"," 13"
"2015 05 05 14",21,"2015"," 05"," 05"," 14"
"2015 05 05 15",12,"2015"," 05"," 05"," 15"
"2015 05 05 16",14,"2015"," 05"," 05"," 16"
"2015 05 05 17",13,"2015"," 05"," 05"," 17"
"2015 05 05 18",18,"2015"," 05"," 05"," 18"
"2015 05 06 08",6,"2015"," 05"," 06"," 08"
"2015 05 06 09",26,"2015"," 05"," 06"," 09"
"2015 05 06 10",21,"2015"," 05"," 06"," 10"
"2015 05 06 11",20,"2015"," 05"," 06"," 11"
"2015 05 06 12",4,"2015"," 05"," 06"," 12"
"2015 05 06 13",8,"2015"," 05"," 06"," 13"
"2015 05 06 14",28,"2015"," 05"," 06"," 14"
"2015 05 06 15",18,"2015"," 05"," 06"," 15"
"2015 05 06 16",21,"2015"," 05"," 06"," 16"
"2015 05 06 17",3,"2015"," 05"," 06"," 17"
"2015 05 06 18",12,"2015"," 05"," 06"," 18"
"2015 05 06 19",6,"2015"," 05"," 06"," 19"
"2015 05 07 09",8,"2015"," 05"," 07"," 09"
"2015 05 07 10",15,"2015"," 05"," 07"," 10"
"2015 05 07 11",11,"2015"," 05"," 07"," 11"
"2015 05 07 12",7,"2015"," 05"," 07"," 12"
"2015 05 07 13",24,"2015"," 05"," 07"," 13"
"2015 05 07 14",12,"2015"," 05"," 07"," 14"
"2015 05 07 15",9,"2015"," 05"," 07"," 15"
"2015 05 07 17",19,"2015"," 05"," 07"," 17"
"2015 05 07 18",10,"2015"," 05"," 07"," 18"
"2015 05 07 19",7,"2015"," 05"," 07"," 19"
"2015 05 08 08",13,"2015"," 05"," 08"," 08"
"2015 05 08 09",18,"2015"," 05"," 08"," 09"
"2015 05 08 10",10,"2015"," 05"," 08"," 10"
"2015 05 08 11",17,"2015"," 05"," 08"," 11"
"2015 05 08 13",15,"2015"," 05"," 08"," 13"
"2015 05 08 14",14,"2015"," 05"," 08"," 14"
"2015 05 08 15",20,"2015"," 05"," 08"," 15"
"2015 05 08 16",10,"2015"," 05"," 08"," 16"
"2015 05 08 17",8,"2015"," 05"," 08"," 17"
"2015 05 08 18",4,"2015"," 05"," 08"," 18"
"2015 05 11 10",3,"2015"," 05"," 11"," 10"
"2015 05 11 13",6,"2015"," 05"," 11"," 13"
"2015 05 12 08",3,"2015"," 05"," 12"," 08"
"2015 05 12 09",8,"2015"," 05"," 12"," 09"
"2015 05 12 10",9,"2015"," 05"," 12"," 10"
"2015 05 12 11",16,"2015"," 05"," 12"," 11"
"2015 05 12 12",28,"2015"," 05"," 12"," 12"
"2015 05 12 13",17,"2015"," 05"," 12"," 13"
"2015 05 12 14",20,"2015"," 05"," 12"," 14"
"2015 05 12 16",15,"2015"," 05"," 12"," 16"
"2015 05 12 17",13,"2015"," 05"," 12"," 17"
"2015 05 12 18",22,"2015"," 05"," 12"," 18"
"2015 05 12 19",6,"2015"," 05"," 12"," 19"
"2015 05 13 08",3,"2015"," 05"," 13"," 08"
"2015 05 13 09",12,"2015"," 05"," 13"," 09"
"2015 05 13 10",18,"2015"," 05"," 13"," 10"
"2015 05 13 11",8,"2015"," 05"," 13"," 11"
"2015 05 13 12",9,"2015"," 05"," 13"," 12"
"2015 05 13 13",4,"2015"," 05"," 13"," 13"
"2015 05 13 14",8,"2015"," 05"," 13"," 14"
"2015 05 13 15",1,"2015"," 05"," 13"," 15"
"2015 05 13 16",15,"2015"," 05"," 13"," 16"
"2015 05 13 17",18,"2015"," 05"," 13"," 17"
"2015 05 13 18",35,"2015"," 05"," 13"," 18"
"2015 05 13 19",4,"2015"," 05"," 13"," 19"
"2015 05 14 08",3,"2015"," 05"," 14"," 08"
"2015 05 14 09",9,"2015"," 05"," 14"," 09"
"2015 05 14 10",2,"2015"," 05"," 14"," 10"
"2015 05 14 11",19,"2015"," 05"," 14"," 11"
"2015 05 14 12",23,"2015"," 05"," 14"," 12"
"2015 05 14 13",17,"2015"," 05"," 14"," 13"
"2015 05 14 14",15,"2015"," 05"," 14"," 14"
"2015 05 14 15",9,"2015"," 05"," 14"," 15"
"2015 05 14 16",9,"2015"," 05"," 14"," 16"
"2015 05 14 17",12,"2015"," 05"," 14"," 17"
"2015 05 14 18",8,"2015"," 05"," 14"," 18"
"2015 05 14 19",1,"2015"," 05"," 14"," 19"
"2015 05 15 09",30,"2015"," 05"," 15"," 09"
"2015 05 15 10",19,"2015"," 05"," 15"," 10"
"2015 05 15 11",18,"2015"," 05"," 15"," 11"
"2015 05 15 12",15,"2015"," 05"," 15"," 12"
"2015 05 15 13",9,"2015"," 05"," 15"," 13"
"2015 05 15 14",23,"2015"," 05"," 15"," 14"
"2015 05 15 15",3,"2015"," 05"," 15"," 15"
"2015 05 15 16",18,"2015"," 05"," 15"," 16"
"2015 05 15 17",13,"2015"," 05"," 15"," 17"
"2015 05 15 18",6,"2015"," 05"," 15"," 18"
"2015 05 15 19",6,"2015"," 05"," 15"," 19"
"2015 05 16 09",5,"2015"," 05"," 16"," 09"
"2015 05 16 10",12,"2015"," 05"," 16"," 10"
"2015 05 16 11",4,"2015"," 05"," 16"," 11"
"2015 05 16 12",24,"2015"," 05"," 16"," 12"
"2015 05 16 13",18,"2015"," 05"," 16"," 13"
"2015 05 18 08",4,"2015"," 05"," 18"," 08"
"2015 05 18 09",13,"2015"," 05"," 18"," 09"
"2015 05 18 10",10,"2015"," 05"," 18"," 10"
"2015 05 18 11",20,"2015"," 05"," 18"," 11"
"2015 05 18 12",49,"2015"," 05"," 18"," 12"
"2015 05 18 13",19,"2015"," 05"," 18"," 13"
"2015 05 18 14",21,"2015"," 05"," 18"," 14"
"2015 05 18 15",13,"2015"," 05"," 18"," 15"
"2015 05 18 16",12,"2015"," 05"," 18"," 16"
"2015 05 18 17",19,"2015"," 05"," 18"," 17"
"2015 05 18 18",13,"2015"," 05"," 18"," 18"
"2015 05 18 19",1,"2015"," 05"," 18"," 19"
"2015 05 19 08",3,"2015"," 05"," 19"," 08"
"2015 05 19 09",11,"2015"," 05"," 19"," 09"
"2015 05 19 10",7,"2015"," 05"," 19"," 10"
"2015 05 19 11",14,"2015"," 05"," 19"," 11"
"2015 05 19 12",7,"2015"," 05"," 19"," 12"
"2015 05 19 13",19,"2015"," 05"," 19"," 13"
"2015 05 19 14",18,"2015"," 05"," 19"," 14"
"2015 05 19 15",11,"2015"," 05"," 19"," 15"
"2015 05 19 16",14,"2015"," 05"," 19"," 16"
"2015 05 19 17",9,"2015"," 05"," 19"," 17"
"2015 05 19 18",6,"2015"," 05"," 19"," 18"
"2015 05 19 19",3,"2015"," 05"," 19"," 19"
"2015 05 20 09",12,"2015"," 05"," 20"," 09"
"2015 05 20 10",12,"2015"," 05"," 20"," 10"
"2015 05 20 11",8,"2015"," 05"," 20"," 11"
"2015 05 20 12",28,"2015"," 05"," 20"," 12"
"2015 05 20 13",26,"2015"," 05"," 20"," 13"
"2015 05 20 14",17,"2015"," 05"," 20"," 14"
"2015 05 20 15",10,"2015"," 05"," 20"," 15"
"2015 05 20 16",32,"2015"," 05"," 20"," 16"
"2015 05 20 17",25,"2015"," 05"," 20"," 17"
"2015 05 20 18",10,"2015"," 05"," 20"," 18"
"2015 05 21 08",3,"2015"," 05"," 21"," 08"
"2015 05 21 09",9,"2015"," 05"," 21"," 09"
"2015 05 21 10",12,"2015"," 05"," 21"," 10"
"2015 05 21 11",5,"2015"," 05"," 21"," 11"
"2015 05 21 12",13,"2015"," 05"," 21"," 12"
"2015 05 21 13",11,"2015"," 05"," 21"," 13"
"2015 05 21 14",4,"2015"," 05"," 21"," 14"
"2015 05 21 15",8,"2015"," 05"," 21"," 15"
"2015 05 21 16",7,"2015"," 05"," 21"," 16"
"2015 05 21 17",6,"2015"," 05"," 21"," 17"
"2015 05 21 18",18,"2015"," 05"," 21"," 18"
"2015 05 22 08",15,"2015"," 05"," 22"," 08"
"2015 05 22 09",6,"2015"," 05"," 22"," 09"
"2015 05 22 10",3,"2015"," 05"," 22"," 10"
"2015 05 22 11",8,"2015"," 05"," 22"," 11"
"2015 05 22 12",10,"2015"," 05"," 22"," 12"
"2015 05 22 13",15,"2015"," 05"," 22"," 13"
"2015 05 22 14",8,"2015"," 05"," 22"," 14"
"2015 05 22 15",6,"2015"," 05"," 22"," 15"
"2015 05 22 16",17,"2015"," 05"," 22"," 16"
"2015 05 22 17",6,"2015"," 05"," 22"," 17"
"2015 05 22 18",4,"2015"," 05"," 22"," 18"
"2015 05 23 09",6,"2015"," 05"," 23"," 09"
"2015 05 23 10",6,"2015"," 05"," 23"," 10"
"2015 05 23 11",12,"2015"," 05"," 23"," 11"
"2015 05 23 12",5,"2015"," 05"," 23"," 12"
"2015 05 23 13",10,"2015"," 05"," 23"," 13"
"2015 05 25 08",3,"2015"," 05"," 25"," 08"
"2015 05 25 09",6,"2015"," 05"," 25"," 09"
"2015 05 25 10",16,"2015"," 05"," 25"," 10"
"2015 05 25 11",26,"2015"," 05"," 25"," 11"
"2015 05 25 12",10,"2015"," 05"," 25"," 12"
"2015 05 25 13",14,"2015"," 05"," 25"," 13"
"2015 05 25 14",21,"2015"," 05"," 25"," 14"
"2015 05 25 15",7,"2015"," 05"," 25"," 15"
"2015 05 25 16",23,"2015"," 05"," 25"," 16"
"2015 05 25 17",12,"2015"," 05"," 25"," 17"
"2015 05 25 18",6,"2015"," 05"," 25"," 18"
"2015 05 25 19",7,"2015"," 05"," 25"," 19"
"2015 05 26 08",6,"2015"," 05"," 26"," 08"
"2015 05 26 09",9,"2015"," 05"," 26"," 09"
"2015 05 26 10",22,"2015"," 05"," 26"," 10"
"2015 05 26 11",16,"2015"," 05"," 26"," 11"
"2015 05 26 12",11,"2015"," 05"," 26"," 12"
"2015 05 26 13",14,"2015"," 05"," 26"," 13"
"2015 05 26 14",6,"2015"," 05"," 26"," 14"
"2015 05 26 15",28,"2015"," 05"," 26"," 15"
"2015 05 26 16",16,"2015"," 05"," 26"," 16"
"2015 05 26 17",5,"2015"," 05"," 26"," 17"
"2015 05 26 18",11,"2015"," 05"," 26"," 18"
"2015 05 26 19",4,"2015"," 05"," 26"," 19"
"2015 05 27 08",9,"2015"," 05"," 27"," 08"
"2015 05 27 09",17,"2015"," 05"," 27"," 09"
"2015 05 27 10",9,"2015"," 05"," 27"," 10"
"2015 05 27 11",11,"2015"," 05"," 27"," 11"
"2015 05 27 12",4,"2015"," 05"," 27"," 12"
"2015 05 27 13",20,"2015"," 05"," 27"," 13"
"2015 05 27 14",1,"2015"," 05"," 27"," 14"
"2015 05 27 15",14,"2015"," 05"," 27"," 15"
"2015 05 27 16",9,"2015"," 05"," 27"," 16"
"2015 05 27 17",4,"2015"," 05"," 27"," 17"
"2015 05 27 18",21,"2015"," 05"," 27"," 18"
"2015 05 28 08",3,"2015"," 05"," 28"," 08"
"2015 05 28 09",2,"2015"," 05"," 28"," 09"
"2015 05 28 10",15,"2015"," 05"," 28"," 10"
"2015 05 28 11",15,"2015"," 05"," 28"," 11"
"2015 05 28 12",7,"2015"," 05"," 28"," 12"
"2015 05 28 13",17,"2015"," 05"," 28"," 13"
"2015 05 28 14",11,"2015"," 05"," 28"," 14"
"2015 05 28 15",20,"2015"," 05"," 28"," 15"
"2015 05 28 16",17,"2015"," 05"," 28"," 16"
"2015 05 28 17",22,"2015"," 05"," 28"," 17"
"2015 05 28 18",15,"2015"," 05"," 28"," 18"
"2015 05 28 19",10,"2015"," 05"," 28"," 19"
"2015 05 29 08",1,"2015"," 05"," 29"," 08"
"2015 05 29 09",10,"2015"," 05"," 29"," 09"
"2015 05 29 10",19,"2015"," 05"," 29"," 10"
"2015 05 29 11",12,"2015"," 05"," 29"," 11"
"2015 05 29 12",19,"2015"," 05"," 29"," 12"
"2015 05 29 13",16,"2015"," 05"," 29"," 13"
"2015 05 29 14",3,"2015"," 05"," 29"," 14"
"2015 05 29 15",14,"2015"," 05"," 29"," 15"
"2015 05 29 16",17,"2015"," 05"," 29"," 16"
"2015 05 29 17",12,"2015"," 05"," 29"," 17"
"2015 05 29 18",13,"2015"," 05"," 29"," 18"
"2015 05 29 19",9,"2015"," 05"," 29"," 19"
"2015 05 30 09",9,"2015"," 05"," 30"," 09"
"2015 05 30 10",6,"2015"," 05"," 30"," 10"
"2015 05 30 11",11,"2015"," 05"," 30"," 11"
"2015 05 30 12",1,"2015"," 05"," 30"," 12"
"2015 05 30 13",14,"2015"," 05"," 30"," 13"
"2015 05 30 14",1,"2015"," 05"," 30"," 14"
"2015 06 01 08",3,"2015"," 06"," 01"," 08"
"2015 06 01 09",29,"2015"," 06"," 01"," 09"
"2015 06 01 10",16,"2015"," 06"," 01"," 10"
"2015 06 01 11",4,"2015"," 06"," 01"," 11"
"2015 06 01 12",12,"2015"," 06"," 01"," 12"
"2015 06 01 13",24,"2015"," 06"," 01"," 13"
"2015 06 01 14",7,"2015"," 06"," 01"," 14"
"2015 06 01 15",17,"2015"," 06"," 01"," 15"
"2015 06 01 16",9,"2015"," 06"," 01"," 16"
"2015 06 01 17",14,"2015"," 06"," 01"," 17"
"2015 06 01 18",33,"2015"," 06"," 01"," 18"
"2015 06 01 19",7,"2015"," 06"," 01"," 19"
"2015 06 02 08",6,"2015"," 06"," 02"," 08"
"2015 06 02 09",15,"2015"," 06"," 02"," 09"
"2015 06 02 10",23,"2015"," 06"," 02"," 10"
"2015 06 02 11",14,"2015"," 06"," 02"," 11"
"2015 06 02 12",15,"2015"," 06"," 02"," 12"
"2015 06 02 13",10,"2015"," 06"," 02"," 13"
"2015 06 02 14",9,"2015"," 06"," 02"," 14"
"2015 06 02 15",15,"2015"," 06"," 02"," 15"
"2015 06 02 16",9,"2015"," 06"," 02"," 16"
"2015 06 02 17",22,"2015"," 06"," 02"," 17"
"2015 06 02 18",25,"2015"," 06"," 02"," 18"
"2015 06 02 19",8,"2015"," 06"," 02"," 19"
"2015 06 03 08",2,"2015"," 06"," 03"," 08"
"2015 06 03 09",6,"2015"," 06"," 03"," 09"
"2015 06 03 10",19,"2015"," 06"," 03"," 10"
"2015 06 03 11",26,"2015"," 06"," 03"," 11"
"2015 06 03 12",17,"2015"," 06"," 03"," 12"
"2015 06 03 13",16,"2015"," 06"," 03"," 13"
"2015 06 03 14",20,"2015"," 06"," 03"," 14"
"2015 06 03 15",22,"2015"," 06"," 03"," 15"
"2015 06 03 16",24,"2015"," 06"," 03"," 16"
"2015 06 03 17",12,"2015"," 06"," 03"," 17"
"2015 06 03 18",15,"2015"," 06"," 03"," 18"
"2015 06 03 19",7,"2015"," 06"," 03"," 19"
"2015 06 04 08",10,"2015"," 06"," 04"," 08"
"2015 06 04 09",9,"2015"," 06"," 04"," 09"
"2015 06 04 10",6,"2015"," 06"," 04"," 10"
"2015 06 04 11",20,"2015"," 06"," 04"," 11"
"2015 06 04 12",12,"2015"," 06"," 04"," 12"
"2015 06 04 13",28,"2015"," 06"," 04"," 13"
"2015 06 04 14",6,"2015"," 06"," 04"," 14"
"2015 06 04 15",8,"2015"," 06"," 04"," 15"
"2015 06 04 16",16,"2015"," 06"," 04"," 16"
"2015 06 04 17",15,"2015"," 06"," 04"," 17"
"2015 06 04 18",16,"2015"," 06"," 04"," 18"
"2015 06 04 19",2,"2015"," 06"," 04"," 19"
"2015 06 05 08",3,"2015"," 06"," 05"," 08"
"2015 06 05 09",14,"2015"," 06"," 05"," 09"
"2015 06 05 10",16,"2015"," 06"," 05"," 10"
"2015 06 05 11",17,"2015"," 06"," 05"," 11"
"2015 06 05 12",6,"2015"," 06"," 05"," 12"
"2015 06 05 13",17,"2015"," 06"," 05"," 13"
"2015 06 05 14",22,"2015"," 06"," 05"," 14"
"2015 06 05 15",14,"2015"," 06"," 05"," 15"
"2015 06 05 16",20,"2015"," 06"," 05"," 16"
"2015 06 05 17",12,"2015"," 06"," 05"," 17"
"2015 06 05 18",25,"2015"," 06"," 05"," 18"
"2015 06 05 19",1,"2015"," 06"," 05"," 19"
"2015 06 06 09",3,"2015"," 06"," 06"," 09"
"2015 06 06 10",12,"2015"," 06"," 06"," 10"
"2015 06 06 11",8,"2015"," 06"," 06"," 11"
"2015 06 06 12",10,"2015"," 06"," 06"," 12"
"2015 06 06 13",15,"2015"," 06"," 06"," 13"
"2015 06 08 08",2,"2015"," 06"," 08"," 08"
"2015 06 08 09",15,"2015"," 06"," 08"," 09"
"2015 06 08 10",16,"2015"," 06"," 08"," 10"
"2015 06 08 11",24,"2015"," 06"," 08"," 11"
"2015 06 08 12",22,"2015"," 06"," 08"," 12"
"2015 06 08 13",13,"2015"," 06"," 08"," 13"
"2015 06 08 14",22,"2015"," 06"," 08"," 14"
"2015 06 08 15",3,"2015"," 06"," 08"," 15"
"2015 06 08 16",17,"2015"," 06"," 08"," 16"
"2015 06 08 17",11,"2015"," 06"," 08"," 17"
"2015 06 08 18",17,"2015"," 06"," 08"," 18"
"2015 06 08 19",6,"2015"," 06"," 08"," 19"
"2015 06 09 08",3,"2015"," 06"," 09"," 08"
"2015 06 09 09",6,"2015"," 06"," 09"," 09"
"2015 06 09 10",8,"2015"," 06"," 09"," 10"
"2015 06 09 11",25,"2015"," 06"," 09"," 11"
"2015 06 09 12",9,"2015"," 06"," 09"," 12"
"2015 06 09 13",23,"2015"," 06"," 09"," 13"
"2015 06 09 14",24,"2015"," 06"," 09"," 14"
"2015 06 09 15",10,"2015"," 06"," 09"," 15"
"2015 06 09 16",23,"2015"," 06"," 09"," 16"
"2015 06 09 17",11,"2015"," 06"," 09"," 17"
"2015 06 09 18",10,"2015"," 06"," 09"," 18"
"2015 06 09 19",6,"2015"," 06"," 09"," 19"
"2015 06 10 09",14,"2015"," 06"," 10"," 09"
"2015 06 10 10",9,"2015"," 06"," 10"," 10"
"2015 06 10 11",13,"2015"," 06"," 10"," 11"
"2015 06 10 12",14,"2015"," 06"," 10"," 12"
"2015 06 10 13",9,"2015"," 06"," 10"," 13"
"2015 06 10 14",16,"2015"," 06"," 10"," 14"
"2015 06 10 15",14,"2015"," 06"," 10"," 15"
"2015 06 10 16",23,"2015"," 06"," 10"," 16"
"2015 06 10 17",25,"2015"," 06"," 10"," 17"
"2015 06 10 18",4,"2015"," 06"," 10"," 18"
"2015 06 11 08",5,"2015"," 06"," 11"," 08"
"2015 06 11 09",6,"2015"," 06"," 11"," 09"
"2015 06 11 10",27,"2015"," 06"," 11"," 10"
"2015 06 11 11",18,"2015"," 06"," 11"," 11"
"2015 06 11 12",24,"2015"," 06"," 11"," 12"
"2015 06 11 13",11,"2015"," 06"," 11"," 13"
"2015 06 11 14",24,"2015"," 06"," 11"," 14"
"2015 06 11 15",8,"2015"," 06"," 11"," 15"
"2015 06 11 16",19,"2015"," 06"," 11"," 16"
"2015 06 11 17",19,"2015"," 06"," 11"," 17"
"2015 06 11 18",18,"2015"," 06"," 11"," 18"
"2015 06 13 09",6,"2015"," 06"," 13"," 09"
"2015 06 13 10",8,"2015"," 06"," 13"," 10"
"2015 06 13 11",19,"2015"," 06"," 13"," 11"
"2015 06 13 12",9,"2015"," 06"," 13"," 12"
"2015 06 13 13",9,"2015"," 06"," 13"," 13"
"2015 06 15 08",4,"2015"," 06"," 15"," 08"
"2015 06 15 09",9,"2015"," 06"," 15"," 09"
"2015 06 15 10",10,"2015"," 06"," 15"," 10"
"2015 06 15 11",9,"2015"," 06"," 15"," 11"
"2015 06 15 12",25,"2015"," 06"," 15"," 12"
"2015 06 15 13",14,"2015"," 06"," 15"," 13"
"2015 06 15 14",20,"2015"," 06"," 15"," 14"
"2015 06 15 15",8,"2015"," 06"," 15"," 15"
"2015 06 15 16",14,"2015"," 06"," 15"," 16"
"2015 06 15 17",3,"2015"," 06"," 15"," 17"
"2015 06 15 18",9,"2015"," 06"," 15"," 18"
"2015 06 15 19",3,"2015"," 06"," 15"," 19"
"2015 06 16 08",3,"2015"," 06"," 16"," 08"
"2015 06 16 09",24,"2015"," 06"," 16"," 09"
"2015 06 16 10",20,"2015"," 06"," 16"," 10"
"2015 06 16 11",15,"2015"," 06"," 16"," 11"
"2015 06 16 12",9,"2015"," 06"," 16"," 12"
"2015 06 16 13",14,"2015"," 06"," 16"," 13"
"2015 06 16 14",12,"2015"," 06"," 16"," 14"
"2015 06 16 15",7,"2015"," 06"," 16"," 15"
"2015 06 16 16",10,"2015"," 06"," 16"," 16"
"2015 06 16 17",6,"2015"," 06"," 16"," 17"
"2015 06 16 18",12,"2015"," 06"," 16"," 18"
"2015 06 16 19",15,"2015"," 06"," 16"," 19"
"2015 06 17 09",9,"2015"," 06"," 17"," 09"
"2015 06 17 10",9,"2015"," 06"," 17"," 10"
"2015 06 17 11",7,"2015"," 06"," 17"," 11"
"2015 06 17 12",4,"2015"," 06"," 17"," 12"
"2015 06 17 13",14,"2015"," 06"," 17"," 13"
"2015 06 17 14",18,"2015"," 06"," 17"," 14"
"2015 06 17 15",12,"2015"," 06"," 17"," 15"
"2015 06 17 16",13,"2015"," 06"," 17"," 16"
"2015 06 17 17",3,"2015"," 06"," 17"," 17"
"2015 06 17 18",9,"2015"," 06"," 17"," 18"
"2015 06 17 19",6,"2015"," 06"," 17"," 19"
"2015 06 18 09",9,"2015"," 06"," 18"," 09"
"2015 06 18 10",17,"2015"," 06"," 18"," 10"
"2015 06 18 11",24,"2015"," 06"," 18"," 11"
"2015 06 18 12",16,"2015"," 06"," 18"," 12"
"2015 06 18 13",16,"2015"," 06"," 18"," 13"
"2015 06 18 14",19,"2015"," 06"," 18"," 14"
"2015 06 18 15",4,"2015"," 06"," 18"," 15"
"2015 06 18 16",11,"2015"," 06"," 18"," 16"
"2015 06 18 17",24,"2015"," 06"," 18"," 17"
"2015 06 18 18",12,"2015"," 06"," 18"," 18"
"2015 06 18 19",3,"2015"," 06"," 18"," 19"
"2015 06 19 08",2,"2015"," 06"," 19"," 08"
"2015 06 19 09",6,"2015"," 06"," 19"," 09"
"2015 06 19 10",13,"2015"," 06"," 19"," 10"
"2015 06 19 11",12,"2015"," 06"," 19"," 11"
"2015 06 19 12",12,"2015"," 06"," 19"," 12"
"2015 06 19 13",16,"2015"," 06"," 19"," 13"
"2015 06 19 14",25,"2015"," 06"," 19"," 14"
"2015 06 19 15",10,"2015"," 06"," 19"," 15"
"2015 06 19 16",14,"2015"," 06"," 19"," 16"
"2015 06 19 17",10,"2015"," 06"," 19"," 17"
"2015 06 19 18",3,"2015"," 06"," 19"," 18"
"2015 06 19 19",1,"2015"," 06"," 19"," 19"
"2015 06 20 09",8,"2015"," 06"," 20"," 09"
"2015 06 20 10",14,"2015"," 06"," 20"," 10"
"2015 06 20 11",18,"2015"," 06"," 20"," 11"
"2015 06 20 12",21,"2015"," 06"," 20"," 12"
"2015 06 20 13",6,"2015"," 06"," 20"," 13"
"2015 06 22 08",8,"2015"," 06"," 22"," 08"
"2015 06 22 09",22,"2015"," 06"," 22"," 09"
"2015 06 22 10",21,"2015"," 06"," 22"," 10"
"2015 06 22 11",9,"2015"," 06"," 22"," 11"
"2015 06 22 12",15,"2015"," 06"," 22"," 12"
"2015 06 22 13",16,"2015"," 06"," 22"," 13"
"2015 06 22 14",9,"2015"," 06"," 22"," 14"
"2015 06 22 15",22,"2015"," 06"," 22"," 15"
"2015 06 22 16",7,"2015"," 06"," 22"," 16"
"2015 06 22 17",16,"2015"," 06"," 22"," 17"
"2015 06 22 18",25,"2015"," 06"," 22"," 18"
"2015 06 22 19",17,"2015"," 06"," 22"," 19"
"2015 06 23 09",13,"2015"," 06"," 23"," 09"
"2015 06 23 10",7,"2015"," 06"," 23"," 10"
"2015 06 23 11",11,"2015"," 06"," 23"," 11"
"2015 06 23 12",18,"2015"," 06"," 23"," 12"
"2015 06 23 13",12,"2015"," 06"," 23"," 13"
"2015 06 23 14",12,"2015"," 06"," 23"," 14"
"2015 06 23 15",1,"2015"," 06"," 23"," 15"
"2015 06 23 16",12,"2015"," 06"," 23"," 16"
"2015 06 23 17",17,"2015"," 06"," 23"," 17"
"2015 06 23 18",8,"2015"," 06"," 23"," 18"
"2015 06 23 19",6,"2015"," 06"," 23"," 19"
"2015 06 24 09",9,"2015"," 06"," 24"," 09"
"2015 06 24 10",25,"2015"," 06"," 24"," 10"
"2015 06 24 11",23,"2015"," 06"," 24"," 11"
"2015 06 24 12",25,"2015"," 06"," 24"," 12"
"2015 06 24 13",16,"2015"," 06"," 24"," 13"
"2015 06 24 14",18,"2015"," 06"," 24"," 14"
"2015 06 24 15",17,"2015"," 06"," 24"," 15"
"2015 06 24 16",13,"2015"," 06"," 24"," 16"
"2015 06 24 17",12,"2015"," 06"," 24"," 17"
"2015 06 25 08",5,"2015"," 06"," 25"," 08"
"2015 06 25 09",2,"2015"," 06"," 25"," 09"
"2015 06 25 10",8,"2015"," 06"," 25"," 10"
"2015 06 25 11",26,"2015"," 06"," 25"," 11"
"2015 06 25 12",17,"2015"," 06"," 25"," 12"
"2015 06 25 13",15,"2015"," 06"," 25"," 13"
"2015 06 25 14",5,"2015"," 06"," 25"," 14"
"2015 06 25 15",7,"2015"," 06"," 25"," 15"
"2015 06 25 16",6,"2015"," 06"," 25"," 16"
"2015 06 25 17",12,"2015"," 06"," 25"," 17"
"2015 06 25 18",7,"2015"," 06"," 25"," 18"
"2015 06 25 19",1,"2015"," 06"," 25"," 19"
"2015 06 26 08",15,"2015"," 06"," 26"," 08"
"2015 06 26 09",11,"2015"," 06"," 26"," 09"
"2015 06 26 10",13,"2015"," 06"," 26"," 10"
"2015 06 26 11",18,"2015"," 06"," 26"," 11"
"2015 06 26 12",13,"2015"," 06"," 26"," 12"
"2015 06 26 13",9,"2015"," 06"," 26"," 13"
"2015 06 26 14",21,"2015"," 06"," 26"," 14"
"2015 06 26 15",9,"2015"," 06"," 26"," 15"
"2015 06 26 16",7,"2015"," 06"," 26"," 16"
"2015 06 26 17",14,"2015"," 06"," 26"," 17"
"2015 06 26 18",6,"2015"," 06"," 26"," 18"
"2015 06 26 19",3,"2015"," 06"," 26"," 19"
"2015 06 27 10",9,"2015"," 06"," 27"," 10"
"2015 06 27 11",10,"2015"," 06"," 27"," 11"
"2015 06 27 12",18,"2015"," 06"," 27"," 12"
"2015 06 27 13",13,"2015"," 06"," 27"," 13"
"2015 06 27 14",3,"2015"," 06"," 27"," 14"
"2015 06 29 09",2,"2015"," 06"," 29"," 09"
"2015 06 29 10",13,"2015"," 06"," 29"," 10"
"2015 06 29 11",9,"2015"," 06"," 29"," 11"
"2015 06 29 12",8,"2015"," 06"," 29"," 12"
"2015 06 29 13",15,"2015"," 06"," 29"," 13"
"2015 06 29 14",22,"2015"," 06"," 29"," 14"
"2015 06 29 15",13,"2015"," 06"," 29"," 15"
"2015 06 29 16",14,"2015"," 06"," 29"," 16"
"2015 06 29 17",9,"2015"," 06"," 29"," 17"
"2015 06 29 18",21,"2015"," 06"," 29"," 18"
"2015 06 29 19",3,"2015"," 06"," 29"," 19"
"2015 06 30 08",5,"2015"," 06"," 30"," 08"
"2015 06 30 09",10,"2015"," 06"," 30"," 09"
"2015 06 30 10",9,"2015"," 06"," 30"," 10"
"2015 06 30 11",23,"2015"," 06"," 30"," 11"
"2015 06 30 12",7,"2015"," 06"," 30"," 12"
"2015 06 30 13",27,"2015"," 06"," 30"," 13"
"2015 06 30 14",27,"2015"," 06"," 30"," 14"
"2015 06 30 15",12,"2015"," 06"," 30"," 15"
"2015 06 30 16",7,"2015"," 06"," 30"," 16"
"2015 06 30 17",20,"2015"," 06"," 30"," 17"
"2015 06 30 18",22,"2015"," 06"," 30"," 18"
"2015 06 30 19",3,"2015"," 06"," 30"," 19"
"2015 07 01 09",9,"2015"," 07"," 01"," 09"
"2015 07 01 10",12,"2015"," 07"," 01"," 10"
"2015 07 01 11",6,"2015"," 07"," 01"," 11"
"2015 07 01 16",3,"2015"," 07"," 01"," 16"
"2015 07 01 17",11,"2015"," 07"," 01"," 17"
"2015 07 01 18",19,"2015"," 07"," 01"," 18"
"2015 07 01 19",3,"2015"," 07"," 01"," 19"
"2015 07 02 08",3,"2015"," 07"," 02"," 08"
"2015 07 02 09",11,"2015"," 07"," 02"," 09"
"2015 07 02 10",21,"2015"," 07"," 02"," 10"
"2015 07 02 11",10,"2015"," 07"," 02"," 11"
"2015 07 02 12",20,"2015"," 07"," 02"," 12"
"2015 07 02 13",12,"2015"," 07"," 02"," 13"
"2015 07 02 14",19,"2015"," 07"," 02"," 14"
"2015 07 02 15",17,"2015"," 07"," 02"," 15"
"2015 07 02 16",18,"2015"," 07"," 02"," 16"
"2015 07 02 17",7,"2015"," 07"," 02"," 17"
"2015 07 02 18",8,"2015"," 07"," 02"," 18"
"2015 07 02 19",1,"2015"," 07"," 02"," 19"
"2015 07 03 09",12,"2015"," 07"," 03"," 09"
"2015 07 03 10",6,"2015"," 07"," 03"," 10"
"2015 07 03 11",8,"2015"," 07"," 03"," 11"
"2015 07 03 12",19,"2015"," 07"," 03"," 12"
"2015 07 03 13",6,"2015"," 07"," 03"," 13"
"2015 07 03 14",8,"2015"," 07"," 03"," 14"
"2015 07 03 15",11,"2015"," 07"," 03"," 15"
"2015 07 03 16",11,"2015"," 07"," 03"," 16"
"2015 07 03 17",4,"2015"," 07"," 03"," 17"
"2015 07 03 18",9,"2015"," 07"," 03"," 18"
"2015 07 04 10",2,"2015"," 07"," 04"," 10"
"2015 07 04 11",9,"2015"," 07"," 04"," 11"
"2015 07 04 12",1,"2015"," 07"," 04"," 12"
"2015 07 04 13",3,"2015"," 07"," 04"," 13"
"2015 07 06 08",1,"2015"," 07"," 06"," 08"
"2015 07 06 09",13,"2015"," 07"," 06"," 09"
"2015 07 06 10",11,"2015"," 07"," 06"," 10"
"2015 07 06 11",26,"2015"," 07"," 06"," 11"
"2015 07 06 12",5,"2015"," 07"," 06"," 12"
"2015 07 06 13",11,"2015"," 07"," 06"," 13"
"2015 07 06 14",12,"2015"," 07"," 06"," 14"
"2015 07 06 15",18,"2015"," 07"," 06"," 15"
"2015 07 06 16",6,"2015"," 07"," 06"," 16"
"2015 07 06 17",16,"2015"," 07"," 06"," 17"
"2015 07 06 18",21,"2015"," 07"," 06"," 18"
"2015 07 06 19",7,"2015"," 07"," 06"," 19"
"2015 07 07 08",6,"2015"," 07"," 07"," 08"
"2015 07 07 09",8,"2015"," 07"," 07"," 09"
"2015 07 07 10",3,"2015"," 07"," 07"," 10"
"2015 07 07 16",14,"2015"," 07"," 07"," 16"
"2015 07 07 17",4,"2015"," 07"," 07"," 17"
"2015 07 07 18",12,"2015"," 07"," 07"," 18"
"2015 07 07 19",3,"2015"," 07"," 07"," 19"
"2015 07 08 09",9,"2015"," 07"," 08"," 09"
"2015 07 08 10",10,"2015"," 07"," 08"," 10"
"2015 07 08 11",24,"2015"," 07"," 08"," 11"
"2015 07 08 12",9,"2015"," 07"," 08"," 12"
"2015 07 08 13",17,"2015"," 07"," 08"," 13"
"2015 07 08 14",10,"2015"," 07"," 08"," 14"
"2015 07 08 15",18,"2015"," 07"," 08"," 15"
"2015 07 08 16",20,"2015"," 07"," 08"," 16"
"2015 07 08 17",10,"2015"," 07"," 08"," 17"
"2015 07 08 18",6,"2015"," 07"," 08"," 18"
"2015 07 08 19",6,"2015"," 07"," 08"," 19"
"2015 07 09 08",6,"2015"," 07"," 09"," 08"
"2015 07 09 09",2,"2015"," 07"," 09"," 09"
"2015 07 09 10",2,"2015"," 07"," 09"," 10"
"2015 07 09 11",10,"2015"," 07"," 09"," 11"
"2015 07 09 12",7,"2015"," 07"," 09"," 12"
"2015 07 09 13",10,"2015"," 07"," 09"," 13"
"2015 07 09 14",8,"2015"," 07"," 09"," 14"
"2015 07 09 15",9,"2015"," 07"," 09"," 15"
"2015 07 09 16",9,"2015"," 07"," 09"," 16"
"2015 07 09 17",8,"2015"," 07"," 09"," 17"
"2015 07 09 18",26,"2015"," 07"," 09"," 18"
"2015 07 09 19",8,"2015"," 07"," 09"," 19"
"2015 07 10 08",2,"2015"," 07"," 10"," 08"
"2015 07 10 09",26,"2015"," 07"," 10"," 09"
"2015 07 10 10",11,"2015"," 07"," 10"," 10"
"2015 07 10 11",3,"2015"," 07"," 10"," 11"
"2015 07 10 12",14,"2015"," 07"," 10"," 12"
"2015 07 10 13",14,"2015"," 07"," 10"," 13"
"2015 07 10 14",6,"2015"," 07"," 10"," 14"
"2015 07 10 15",17,"2015"," 07"," 10"," 15"
"2015 07 10 16",19,"2015"," 07"," 10"," 16"
"2015 07 10 17",12,"2015"," 07"," 10"," 17"
"2015 07 10 18",8,"2015"," 07"," 10"," 18"
"2015 07 11 09",6,"2015"," 07"," 11"," 09"
"2015 07 11 10",12,"2015"," 07"," 11"," 10"
"2015 07 11 11",3,"2015"," 07"," 11"," 11"
"2015 07 11 12",9,"2015"," 07"," 11"," 12"
"2015 07 11 13",9,"2015"," 07"," 11"," 13"
"2015 07 11 14",1,"2015"," 07"," 11"," 14"
"2015 07 13 08",4,"2015"," 07"," 13"," 08"
"2015 07 13 09",8,"2015"," 07"," 13"," 09"
"2015 07 13 10",9,"2015"," 07"," 13"," 10"
"2015 07 13 11",22,"2015"," 07"," 13"," 11"
"2015 07 13 12",20,"2015"," 07"," 13"," 12"
"2015 07 13 13",12,"2015"," 07"," 13"," 13"
"2015 07 13 14",10,"2015"," 07"," 13"," 14"
"2015 07 13 15",11,"2015"," 07"," 13"," 15"
"2015 07 13 16",15,"2015"," 07"," 13"," 16"
"2015 07 13 17",4,"2015"," 07"," 13"," 17"
"2015 07 13 18",5,"2015"," 07"," 13"," 18"
"2015 07 13 19",18,"2015"," 07"," 13"," 19"
"2015 07 14 10",3,"2015"," 07"," 14"," 10"
"2015 07 14 11",9,"2015"," 07"," 14"," 11"
"2015 07 14 12",9,"2015"," 07"," 14"," 12"
"2015 07 14 13",14,"2015"," 07"," 14"," 13"
"2015 07 14 14",23,"2015"," 07"," 14"," 14"
"2015 07 14 15",10,"2015"," 07"," 14"," 15"
"2015 07 14 16",9,"2015"," 07"," 14"," 16"
"2015 07 14 17",8,"2015"," 07"," 14"," 17"
"2015 07 14 18",9,"2015"," 07"," 14"," 18"
"2015 07 14 19",8,"2015"," 07"," 14"," 19"
"2015 07 15 08",3,"2015"," 07"," 15"," 08"
"2015 07 15 09",6,"2015"," 07"," 15"," 09"
"2015 07 15 10",10,"2015"," 07"," 15"," 10"
"2015 07 15 11",10,"2015"," 07"," 15"," 11"
"2015 07 15 12",13,"2015"," 07"," 15"," 12"
"2015 07 15 13",8,"2015"," 07"," 15"," 13"
"2015 07 15 14",16,"2015"," 07"," 15"," 14"
"2015 07 15 15",26,"2015"," 07"," 15"," 15"
"2015 07 15 16",17,"2015"," 07"," 15"," 16"
"2015 07 15 17",22,"2015"," 07"," 15"," 17"
"2015 07 15 18",10,"2015"," 07"," 15"," 18"
"2015 07 15 19",9,"2015"," 07"," 15"," 19"
"2015 07 16 08",5,"2015"," 07"," 16"," 08"
"2015 07 16 09",13,"2015"," 07"," 16"," 09"
"2015 07 16 10",20,"2015"," 07"," 16"," 10"
"2015 07 16 11",11,"2015"," 07"," 16"," 11"
"2015 07 16 12",7,"2015"," 07"," 16"," 12"
"2015 07 16 13",11,"2015"," 07"," 16"," 13"
"2015 07 16 14",5,"2015"," 07"," 16"," 14"
"2015 07 16 15",16,"2015"," 07"," 16"," 15"
"2015 07 16 16",6,"2015"," 07"," 16"," 16"
"2015 07 16 17",10,"2015"," 07"," 16"," 17"
"2015 07 16 18",7,"2015"," 07"," 16"," 18"
"2015 07 16 19",14,"2015"," 07"," 16"," 19"
"2015 07 17 08",3,"2015"," 07"," 17"," 08"
"2015 07 17 09",10,"2015"," 07"," 17"," 09"
"2015 07 17 10",10,"2015"," 07"," 17"," 10"
"2015 07 17 11",10,"2015"," 07"," 17"," 11"
"2015 07 17 12",16,"2015"," 07"," 17"," 12"
"2015 07 17 13",22,"2015"," 07"," 17"," 13"
"2015 07 17 14",6,"2015"," 07"," 17"," 14"
"2015 07 17 15",19,"2015"," 07"," 17"," 15"
"2015 07 17 16",1,"2015"," 07"," 17"," 16"
"2015 07 17 17",5,"2015"," 07"," 17"," 17"
"2015 07 17 18",18,"2015"," 07"," 17"," 18"
"2015 07 17 19",7,"2015"," 07"," 17"," 19"
"2015 07 18 10",5,"2015"," 07"," 18"," 10"
"2015 07 18 11",6,"2015"," 07"," 18"," 11"
"2015 07 18 12",8,"2015"," 07"," 18"," 12"
"2015 07 18 13",16,"2015"," 07"," 18"," 13"
"2015 07 20 08",1,"2015"," 07"," 20"," 08"
"2015 07 20 09",10,"2015"," 07"," 20"," 09"
"2015 07 20 10",13,"2015"," 07"," 20"," 10"
"2015 07 20 11",13,"2015"," 07"," 20"," 11"
"2015 07 20 12",15,"2015"," 07"," 20"," 12"
"2015 07 20 13",6,"2015"," 07"," 20"," 13"
"2015 07 20 14",43,"2015"," 07"," 20"," 14"
"2015 07 20 15",9,"2015"," 07"," 20"," 15"
"2015 07 21 08",6,"2015"," 07"," 21"," 08"
"2015 07 21 09",15,"2015"," 07"," 21"," 09"
"2015 07 21 10",6,"2015"," 07"," 21"," 10"
"2015 07 21 11",15,"2015"," 07"," 21"," 11"
"2015 07 21 12",7,"2015"," 07"," 21"," 12"
"2015 07 21 13",4,"2015"," 07"," 21"," 13"
"2015 07 21 14",5,"2015"," 07"," 21"," 14"
"2015 07 21 15",18,"2015"," 07"," 21"," 15"
"2015 07 22 08",1,"2015"," 07"," 22"," 08"
"2015 07 22 09",13,"2015"," 07"," 22"," 09"
"2015 07 22 10",13,"2015"," 07"," 22"," 10"
"2015 07 22 11",15,"2015"," 07"," 22"," 11"
"2015 07 22 12",6,"2015"," 07"," 22"," 12"
"2015 07 22 13",16,"2015"," 07"," 22"," 13"
"2015 07 22 14",12,"2015"," 07"," 22"," 14"
"2015 07 22 15",3,"2015"," 07"," 22"," 15"
"2015 07 22 17",14,"2015"," 07"," 22"," 17"
"2015 07 22 18",8,"2015"," 07"," 22"," 18"
"2015 07 22 19",14,"2015"," 07"," 22"," 19"
"2015 07 23 08",9,"2015"," 07"," 23"," 08"
"2015 07 23 09",14,"2015"," 07"," 23"," 09"
"2015 07 23 10",10,"2015"," 07"," 23"," 10"
"2015 07 23 11",19,"2015"," 07"," 23"," 11"
"2015 07 23 12",20,"2015"," 07"," 23"," 12"
"2015 07 23 13",27,"2015"," 07"," 23"," 13"
"2015 07 23 14",22,"2015"," 07"," 23"," 14"
"2015 07 23 15",11,"2015"," 07"," 23"," 15"
"2015 07 23 16",10,"2015"," 07"," 23"," 16"
"2015 07 23 17",14,"2015"," 07"," 23"," 17"
"2015 07 23 18",24,"2015"," 07"," 23"," 18"
"2015 07 23 19",9,"2015"," 07"," 23"," 19"
"2015 07 24 09",12,"2015"," 07"," 24"," 09"
"2015 07 24 10",5,"2015"," 07"," 24"," 10"
"2015 07 24 11",1,"2015"," 07"," 24"," 11"
"2015 07 24 12",6,"2015"," 07"," 24"," 12"
"2015 07 24 13",17,"2015"," 07"," 24"," 13"
"2015 07 24 14",10,"2015"," 07"," 24"," 14"
"2015 07 24 15",6,"2015"," 07"," 24"," 15"
"2015 07 24 16",14,"2015"," 07"," 24"," 16"
"2015 07 24 17",8,"2015"," 07"," 24"," 17"
"2015 07 24 18",6,"2015"," 07"," 24"," 18"
"2015 07 24 19",12,"2015"," 07"," 24"," 19"
"2015 07 25 09",9,"2015"," 07"," 25"," 09"
"2015 07 25 10",9,"2015"," 07"," 25"," 10"
"2015 07 25 11",15,"2015"," 07"," 25"," 11"
"2015 07 25 12",9,"2015"," 07"," 25"," 12"
"2015 07 25 13",6,"2015"," 07"," 25"," 13"
"2015 07 27 09",9,"2015"," 07"," 27"," 09"
"2015 07 27 12",5,"2015"," 07"," 27"," 12"
"2015 07 27 13",10,"2015"," 07"," 27"," 13"
"2015 07 27 14",9,"2015"," 07"," 27"," 14"
"2015 07 27 15",8,"2015"," 07"," 27"," 15"
"2015 07 27 16",9,"2015"," 07"," 27"," 16"
"2015 07 27 17",10,"2015"," 07"," 27"," 17"
"2015 07 27 18",7,"2015"," 07"," 27"," 18"
"2015 07 27 19",3,"2015"," 07"," 27"," 19"
"2015 07 28 08",2,"2015"," 07"," 28"," 08"
"2015 07 28 09",7,"2015"," 07"," 28"," 09"
"2015 07 28 10",3,"2015"," 07"," 28"," 10"
"2015 07 28 11",15,"2015"," 07"," 28"," 11"
"2015 07 28 12",10,"2015"," 07"," 28"," 12"
"2015 07 28 13",13,"2015"," 07"," 28"," 13"
"2015 07 28 14",13,"2015"," 07"," 28"," 14"
"2015 07 28 15",6,"2015"," 07"," 28"," 15"
"2015 07 28 16",17,"2015"," 07"," 28"," 16"
"2015 07 28 17",13,"2015"," 07"," 28"," 17"
"2015 07 28 18",15,"2015"," 07"," 28"," 18"
"2015 07 29 08",3,"2015"," 07"," 29"," 08"
"2015 07 29 09",18,"2015"," 07"," 29"," 09"
"2015 07 29 10",3,"2015"," 07"," 29"," 10"
"2015 07 29 11",16,"2015"," 07"," 29"," 11"
"2015 07 29 12",17,"2015"," 07"," 29"," 12"
"2015 07 29 13",28,"2015"," 07"," 29"," 13"
"2015 07 29 14",12,"2015"," 07"," 29"," 14"
"2015 07 29 15",23,"2015"," 07"," 29"," 15"
"2015 07 29 16",11,"2015"," 07"," 29"," 16"
"2015 07 29 17",12,"2015"," 07"," 29"," 17"
"2015 07 29 18",18,"2015"," 07"," 29"," 18"
"2015 07 29 19",9,"2015"," 07"," 29"," 19"
"2015 07 30 08",6,"2015"," 07"," 30"," 08"
"2015 07 30 09",9,"2015"," 07"," 30"," 09"
"2015 07 30 10",6,"2015"," 07"," 30"," 10"
"2015 07 30 11",5,"2015"," 07"," 30"," 11"
"2015 07 30 12",7,"2015"," 07"," 30"," 12"
"2015 07 30 13",25,"2015"," 07"," 30"," 13"
"2015 07 30 14",16,"2015"," 07"," 30"," 14"
"2015 07 30 15",20,"2015"," 07"," 30"," 15"
"2015 07 30 16",23,"2015"," 07"," 30"," 16"
"2015 07 30 17",16,"2015"," 07"," 30"," 17"
"2015 07 30 18",12,"2015"," 07"," 30"," 18"
"2015 07 30 19",17,"2015"," 07"," 30"," 19"
"2015 07 31 08",7,"2015"," 07"," 31"," 08"
"2015 07 31 09",19,"2015"," 07"," 31"," 09"
"2015 07 31 10",18,"2015"," 07"," 31"," 10"
"2015 07 31 11",8,"2015"," 07"," 31"," 11"
"2015 07 31 12",17,"2015"," 07"," 31"," 12"
"2015 07 31 13",12,"2015"," 07"," 31"," 13"
"2015 07 31 14",32,"2015"," 07"," 31"," 14"
"2015 07 31 15",10,"2015"," 07"," 31"," 15"
"2015 07 31 16",12,"2015"," 07"," 31"," 16"
"2015 07 31 17",20,"2015"," 07"," 31"," 17"
"2015 07 31 18",3,"2015"," 07"," 31"," 18"
"2015 08 01 09",3,"2015"," 08"," 01"," 09"
"2015 08 01 10",14,"2015"," 08"," 01"," 10"
"2015 08 01 12",6,"2015"," 08"," 01"," 12"
"2015 08 01 13",1,"2015"," 08"," 01"," 13"
"2015 08 01 14",2,"2015"," 08"," 01"," 14"
"2015 08 03 08",7,"2015"," 08"," 03"," 08"
"2015 08 03 09",8,"2015"," 08"," 03"," 09"
"2015 08 03 10",26,"2015"," 08"," 03"," 10"
"2015 08 03 11",19,"2015"," 08"," 03"," 11"
"2015 08 03 12",30,"2015"," 08"," 03"," 12"
"2015 08 03 13",11,"2015"," 08"," 03"," 13"
"2015 08 03 14",21,"2015"," 08"," 03"," 14"
"2015 08 03 15",10,"2015"," 08"," 03"," 15"
"2015 08 03 16",19,"2015"," 08"," 03"," 16"
"2015 08 03 17",12,"2015"," 08"," 03"," 17"
"2015 08 03 18",5,"2015"," 08"," 03"," 18"
"2015 08 03 19",4,"2015"," 08"," 03"," 19"
"2015 08 04 08",8,"2015"," 08"," 04"," 08"
"2015 08 04 09",5,"2015"," 08"," 04"," 09"
"2015 08 04 10",7,"2015"," 08"," 04"," 10"
"2015 08 04 11",11,"2015"," 08"," 04"," 11"
"2015 08 04 12",14,"2015"," 08"," 04"," 12"
"2015 08 04 13",44,"2015"," 08"," 04"," 13"
"2015 08 04 14",9,"2015"," 08"," 04"," 14"
"2015 08 04 15",23,"2015"," 08"," 04"," 15"
"2015 08 04 16",18,"2015"," 08"," 04"," 16"
"2015 08 04 17",21,"2015"," 08"," 04"," 17"
"2015 08 04 18",22,"2015"," 08"," 04"," 18"
"2015 08 04 19",14,"2015"," 08"," 04"," 19"
"2015 08 05 08",1,"2015"," 08"," 05"," 08"
"2015 08 05 09",16,"2015"," 08"," 05"," 09"
"2015 08 05 10",11,"2015"," 08"," 05"," 10"
"2015 08 05 11",19,"2015"," 08"," 05"," 11"
"2015 08 05 12",38,"2015"," 08"," 05"," 12"
"2015 08 05 13",23,"2015"," 08"," 05"," 13"
"2015 08 05 14",12,"2015"," 08"," 05"," 14"
"2015 08 05 15",11,"2015"," 08"," 05"," 15"
"2015 08 05 16",16,"2015"," 08"," 05"," 16"
"2015 08 05 17",9,"2015"," 08"," 05"," 17"
"2015 08 05 18",13,"2015"," 08"," 05"," 18"
"2015 08 05 19",8,"2015"," 08"," 05"," 19"
"2015 08 06 10",6,"2015"," 08"," 06"," 10"
"2015 08 06 11",7,"2015"," 08"," 06"," 11"
"2015 08 06 12",25,"2015"," 08"," 06"," 12"
"2015 08 06 13",25,"2015"," 08"," 06"," 13"
"2015 08 06 14",19,"2015"," 08"," 06"," 14"
"2015 08 06 15",17,"2015"," 08"," 06"," 15"
"2015 08 06 16",6,"2015"," 08"," 06"," 16"
"2015 08 06 17",13,"2015"," 08"," 06"," 17"
"2015 08 06 18",7,"2015"," 08"," 06"," 18"
"2015 08 06 19",3,"2015"," 08"," 06"," 19"
"2015 08 07 08",3,"2015"," 08"," 07"," 08"
"2015 08 07 09",5,"2015"," 08"," 07"," 09"
"2015 08 07 10",38,"2015"," 08"," 07"," 10"
"2015 08 07 11",15,"2015"," 08"," 07"," 11"
"2015 08 07 12",13,"2015"," 08"," 07"," 12"
"2015 08 07 13",12,"2015"," 08"," 07"," 13"
"2015 08 07 14",11,"2015"," 08"," 07"," 14"
"2015 08 07 15",9,"2015"," 08"," 07"," 15"
"2015 08 07 16",8,"2015"," 08"," 07"," 16"
"2015 08 07 17",13,"2015"," 08"," 07"," 17"
"2015 08 07 18",14,"2015"," 08"," 07"," 18"
"2015 08 07 19",6,"2015"," 08"," 07"," 19"
"2015 08 08 09",9,"2015"," 08"," 08"," 09"
"2015 08 08 10",5,"2015"," 08"," 08"," 10"
"2015 08 08 11",4,"2015"," 08"," 08"," 11"
"2015 08 08 12",17,"2015"," 08"," 08"," 12"
"2015 08 08 13",11,"2015"," 08"," 08"," 13"
"2015 08 10 08",11,"2015"," 08"," 10"," 08"
"2015 08 10 09",7,"2015"," 08"," 10"," 09"
"2015 08 10 10",13,"2015"," 08"," 10"," 10"
"2015 08 10 11",20,"2015"," 08"," 10"," 11"
"2015 08 10 12",9,"2015"," 08"," 10"," 12"
"2015 08 10 13",3,"2015"," 08"," 10"," 13"
"2015 08 10 14",9,"2015"," 08"," 10"," 14"
"2015 08 10 15",26,"2015"," 08"," 10"," 15"
"2015 08 10 16",17,"2015"," 08"," 10"," 16"
"2015 08 10 17",4,"2015"," 08"," 10"," 17"
"2015 08 10 18",7,"2015"," 08"," 10"," 18"
"2015 08 10 19",5,"2015"," 08"," 10"," 19"
"2015 08 11 08",1,"2015"," 08"," 11"," 08"
"2015 08 11 09",18,"2015"," 08"," 11"," 09"
"2015 08 11 10",15,"2015"," 08"," 11"," 10"
"2015 08 11 11",20,"2015"," 08"," 11"," 11"
"2015 08 11 12",24,"2015"," 08"," 11"," 12"
"2015 08 11 13",17,"2015"," 08"," 11"," 13"
"2015 08 11 14",22,"2015"," 08"," 11"," 14"
"2015 08 11 15",17,"2015"," 08"," 11"," 15"
"2015 08 11 16",13,"2015"," 08"," 11"," 16"
"2015 08 11 17",25,"2015"," 08"," 11"," 17"
"2015 08 11 18",14,"2015"," 08"," 11"," 18"
"2015 08 11 19",13,"2015"," 08"," 11"," 19"
"2015 08 12 09",11,"2015"," 08"," 12"," 09"
"2015 08 12 10",13,"2015"," 08"," 12"," 10"
"2015 08 12 11",16,"2015"," 08"," 12"," 11"
"2015 08 12 12",12,"2015"," 08"," 12"," 12"
"2015 08 12 13",9,"2015"," 08"," 12"," 13"
"2015 08 12 14",3,"2015"," 08"," 12"," 14"
"2015 08 12 15",18,"2015"," 08"," 12"," 15"
"2015 08 12 16",16,"2015"," 08"," 12"," 16"
"2015 08 12 17",13,"2015"," 08"," 12"," 17"
"2015 08 12 18",18,"2015"," 08"," 12"," 18"
"2015 08 12 19",13,"2015"," 08"," 12"," 19"
"2015 08 13 09",21,"2015"," 08"," 13"," 09"
"2015 08 13 10",10,"2015"," 08"," 13"," 10"
"2015 08 13 11",23,"2015"," 08"," 13"," 11"
"2015 08 13 12",21,"2015"," 08"," 13"," 12"
"2015 08 13 13",8,"2015"," 08"," 13"," 13"
"2015 08 13 14",5,"2015"," 08"," 13"," 14"
"2015 08 13 15",12,"2015"," 08"," 13"," 15"
"2015 08 13 16",15,"2015"," 08"," 13"," 16"
"2015 08 13 17",27,"2015"," 08"," 13"," 17"
"2015 08 13 18",7,"2015"," 08"," 13"," 18"
"2015 08 14 09",2,"2015"," 08"," 14"," 09"
"2015 08 14 10",17,"2015"," 08"," 14"," 10"
"2015 08 14 11",19,"2015"," 08"," 14"," 11"
"2015 08 14 12",6,"2015"," 08"," 14"," 12"
"2015 08 14 13",20,"2015"," 08"," 14"," 13"
"2015 08 14 14",14,"2015"," 08"," 14"," 14"
"2015 08 14 15",22,"2015"," 08"," 14"," 15"
"2015 08 14 16",11,"2015"," 08"," 14"," 16"
"2015 08 14 17",15,"2015"," 08"," 14"," 17"
"2015 08 14 18",6,"2015"," 08"," 14"," 18"
"2015 08 15 09",5,"2015"," 08"," 15"," 09"
"2015 08 15 10",14,"2015"," 08"," 15"," 10"
"2015 08 15 11",8,"2015"," 08"," 15"," 11"
"2015 08 15 12",6,"2015"," 08"," 15"," 12"
"2015 08 15 13",15,"2015"," 08"," 15"," 13"
"2015 08 17 10",5,"2015"," 08"," 17"," 10"
"2015 08 17 11",23,"2015"," 08"," 17"," 11"
"2015 08 17 12",23,"2015"," 08"," 17"," 12"
"2015 08 17 13",15,"2015"," 08"," 17"," 13"
"2015 08 17 14",15,"2015"," 08"," 17"," 14"
"2015 08 17 15",28,"2015"," 08"," 17"," 15"
"2015 08 17 16",26,"2015"," 08"," 17"," 16"
"2015 08 17 17",22,"2015"," 08"," 17"," 17"
"2015 08 17 18",17,"2015"," 08"," 17"," 18"
"2015 08 17 19",18,"2015"," 08"," 17"," 19"
"2015 08 18 09",5,"2015"," 08"," 18"," 09"
"2015 08 18 10",15,"2015"," 08"," 18"," 10"
"2015 08 18 11",13,"2015"," 08"," 18"," 11"
"2015 08 18 12",12,"2015"," 08"," 18"," 12"
"2015 08 18 13",21,"2015"," 08"," 18"," 13"
"2015 08 18 14",15,"2015"," 08"," 18"," 14"
"2015 08 18 15",12,"2015"," 08"," 18"," 15"
"2015 08 18 16",22,"2015"," 08"," 18"," 16"
"2015 08 18 17",14,"2015"," 08"," 18"," 17"
"2015 08 18 18",27,"2015"," 08"," 18"," 18"
"2015 08 18 19",1,"2015"," 08"," 18"," 19"
"2015 08 19 09",11,"2015"," 08"," 19"," 09"
"2015 08 19 10",11,"2015"," 08"," 19"," 10"
"2015 08 19 11",9,"2015"," 08"," 19"," 11"
"2015 08 19 12",15,"2015"," 08"," 19"," 12"
"2015 08 19 13",13,"2015"," 08"," 19"," 13"
"2015 08 19 14",19,"2015"," 08"," 19"," 14"
"2015 08 19 15",2,"2015"," 08"," 19"," 15"
"2015 08 19 16",16,"2015"," 08"," 19"," 16"
"2015 08 19 17",6,"2015"," 08"," 19"," 17"
"2015 08 19 18",11,"2015"," 08"," 19"," 18"
"2015 08 19 19",6,"2015"," 08"," 19"," 19"
"2015 08 20 09",6,"2015"," 08"," 20"," 09"
"2015 08 20 10",15,"2015"," 08"," 20"," 10"
"2015 08 20 11",12,"2015"," 08"," 20"," 11"
"2015 08 20 13",29,"2015"," 08"," 20"," 13"
"2015 08 20 14",26,"2015"," 08"," 20"," 14"
"2015 08 20 15",21,"2015"," 08"," 20"," 15"
"2015 08 20 16",9,"2015"," 08"," 20"," 16"
"2015 08 20 17",14,"2015"," 08"," 20"," 17"
"2015 08 20 18",21,"2015"," 08"," 20"," 18"
"2015 08 20 19",16,"2015"," 08"," 20"," 19"
"2015 08 21 08",1,"2015"," 08"," 21"," 08"
"2015 08 21 09",10,"2015"," 08"," 21"," 09"
"2015 08 21 10",15,"2015"," 08"," 21"," 10"
"2015 08 21 11",26,"2015"," 08"," 21"," 11"
"2015 08 21 12",21,"2015"," 08"," 21"," 12"
"2015 08 21 13",10,"2015"," 08"," 21"," 13"
"2015 08 21 14",4,"2015"," 08"," 21"," 14"
"2015 08 21 15",12,"2015"," 08"," 21"," 15"
"2015 08 21 16",9,"2015"," 08"," 21"," 16"
"2015 08 21 17",7,"2015"," 08"," 21"," 17"
"2015 08 21 18",17,"2015"," 08"," 21"," 18"
"2015 08 21 19",4,"2015"," 08"," 21"," 19"
"2015 08 22 09",5,"2015"," 08"," 22"," 09"
"2015 08 22 10",1,"2015"," 08"," 22"," 10"
"2015 08 22 11",9,"2015"," 08"," 22"," 11"
"2015 08 22 12",3,"2015"," 08"," 22"," 12"
"2015 08 22 13",9,"2015"," 08"," 22"," 13"
"2015 08 24 08",2,"2015"," 08"," 24"," 08"
"2015 08 24 09",9,"2015"," 08"," 24"," 09"
"2015 08 24 10",11,"2015"," 08"," 24"," 10"
"2015 08 24 11",21,"2015"," 08"," 24"," 11"
"2015 08 24 12",14,"2015"," 08"," 24"," 12"
"2015 08 25 10",6,"2015"," 08"," 25"," 10"
"2015 08 25 11",22,"2015"," 08"," 25"," 11"
"2015 08 25 12",11,"2015"," 08"," 25"," 12"
"2015 08 25 13",22,"2015"," 08"," 25"," 13"
"2015 08 25 14",24,"2015"," 08"," 25"," 14"
"2015 08 25 15",15,"2015"," 08"," 25"," 15"
"2015 08 25 16",10,"2015"," 08"," 25"," 16"
"2015 08 25 17",8,"2015"," 08"," 25"," 17"
"2015 08 25 18",18,"2015"," 08"," 25"," 18"
"2015 08 25 19",15,"2015"," 08"," 25"," 19"
"2015 08 26 09",6,"2015"," 08"," 26"," 09"
"2015 08 26 10",11,"2015"," 08"," 26"," 10"
"2015 08 26 11",7,"2015"," 08"," 26"," 11"
"2015 08 26 12",15,"2015"," 08"," 26"," 12"
"2015 08 26 13",23,"2015"," 08"," 26"," 13"
"2015 08 26 14",14,"2015"," 08"," 26"," 14"
"2015 08 26 15",7,"2015"," 08"," 26"," 15"
"2015 08 26 16",28,"2015"," 08"," 26"," 16"
"2015 08 26 17",4,"2015"," 08"," 26"," 17"
"2015 08 26 18",13,"2015"," 08"," 26"," 18"
"2015 08 26 19",17,"2015"," 08"," 26"," 19"
"2015 08 27 08",3,"2015"," 08"," 27"," 08"
"2015 08 27 09",13,"2015"," 08"," 27"," 09"
"2015 08 27 10",11,"2015"," 08"," 27"," 10"
"2015 08 27 11",10,"2015"," 08"," 27"," 11"
"2015 08 27 12",9,"2015"," 08"," 27"," 12"
"2015 08 27 13",20,"2015"," 08"," 27"," 13"
"2015 08 27 14",17,"2015"," 08"," 27"," 14"
"2015 08 27 15",10,"2015"," 08"," 27"," 15"
"2015 08 27 16",7,"2015"," 08"," 27"," 16"
"2015 08 27 17",15,"2015"," 08"," 27"," 17"
"2015 08 27 18",5,"2015"," 08"," 27"," 18"
"2015 08 27 19",1,"2015"," 08"," 27"," 19"
"2015 08 28 09",8,"2015"," 08"," 28"," 09"
"2015 08 28 10",7,"2015"," 08"," 28"," 10"
"2015 08 28 11",18,"2015"," 08"," 28"," 11"
"2015 08 28 12",11,"2015"," 08"," 28"," 12"
"2015 08 28 13",21,"2015"," 08"," 28"," 13"
"2015 08 28 14",20,"2015"," 08"," 28"," 14"
"2015 08 28 15",27,"2015"," 08"," 28"," 15"
"2015 08 28 16",27,"2015"," 08"," 28"," 16"
"2015 08 28 17",14,"2015"," 08"," 28"," 17"
"2015 08 28 18",15,"2015"," 08"," 28"," 18"
"2015 08 28 19",3,"2015"," 08"," 28"," 19"
"2015 08 29 09",3,"2015"," 08"," 29"," 09"
"2015 08 29 10",19,"2015"," 08"," 29"," 10"
"2015 08 29 11",20,"2015"," 08"," 29"," 11"
"2015 08 29 12",9,"2015"," 08"," 29"," 12"
"2015 08 29 13",12,"2015"," 08"," 29"," 13"
"2015 08 31 08",3,"2015"," 08"," 31"," 08"
"2015 08 31 09",12,"2015"," 08"," 31"," 09"
"2015 08 31 10",10,"2015"," 08"," 31"," 10"
"2015 08 31 11",32,"2015"," 08"," 31"," 11"
"2015 08 31 12",19,"2015"," 08"," 31"," 12"
"2015 08 31 13",20,"2015"," 08"," 31"," 13"
"2015 08 31 14",18,"2015"," 08"," 31"," 14"
"2015 08 31 15",27,"2015"," 08"," 31"," 15"
"2015 08 31 16",19,"2015"," 08"," 31"," 16"
"2015 08 31 17",22,"2015"," 08"," 31"," 17"
"2015 08 31 18",28,"2015"," 08"," 31"," 18"
"2015 08 31 19",5,"2015"," 08"," 31"," 19"
"2015 09 01 08",2,"2015"," 09"," 01"," 08"
"2015 09 01 09",13,"2015"," 09"," 01"," 09"
"2015 09 01 10",13,"2015"," 09"," 01"," 10"
"2015 09 01 11",6,"2015"," 09"," 01"," 11"
"2015 09 01 12",12,"2015"," 09"," 01"," 12"
"2015 09 01 13",26,"2015"," 09"," 01"," 13"
"2015 09 01 14",25,"2015"," 09"," 01"," 14"
"2015 09 01 15",6,"2015"," 09"," 01"," 15"
"2015 09 01 16",7,"2015"," 09"," 01"," 16"
"2015 09 01 17",14,"2015"," 09"," 01"," 17"
"2015 09 01 18",20,"2015"," 09"," 01"," 18"
"2015 09 01 19",12,"2015"," 09"," 01"," 19"
"2015 09 01 23",2,"2015"," 09"," 01"," 23"
"2015 09 02 08",1,"2015"," 09"," 02"," 08"
"2015 09 02 09",11,"2015"," 09"," 02"," 09"
"2015 09 02 10",10,"2015"," 09"," 02"," 10"
"2015 09 02 11",12,"2015"," 09"," 02"," 11"
"2015 09 02 12",16,"2015"," 09"," 02"," 12"
"2015 09 02 13",20,"2015"," 09"," 02"," 13"
"2015 09 02 14",26,"2015"," 09"," 02"," 14"
"2015 09 02 15",18,"2015"," 09"," 02"," 15"
"2015 09 02 16",20,"2015"," 09"," 02"," 16"
"2015 09 02 17",14,"2015"," 09"," 02"," 17"
"2015 09 02 18",12,"2015"," 09"," 02"," 18"
"2015 09 02 19",12,"2015"," 09"," 02"," 19"
"2015 09 03 08",2,"2015"," 09"," 03"," 08"
"2015 09 03 09",13,"2015"," 09"," 03"," 09"
"2015 09 03 10",5,"2015"," 09"," 03"," 10"
"2015 09 03 11",13,"2015"," 09"," 03"," 11"
"2015 09 03 12",20,"2015"," 09"," 03"," 12"
"2015 09 03 13",6,"2015"," 09"," 03"," 13"
"2015 09 03 14",8,"2015"," 09"," 03"," 14"
"2015 09 03 15",9,"2015"," 09"," 03"," 15"
"2015 09 03 16",9,"2015"," 09"," 03"," 16"
"2015 09 03 17",32,"2015"," 09"," 03"," 17"
"2015 09 03 18",10,"2015"," 09"," 03"," 18"
"2015 09 04 08",3,"2015"," 09"," 04"," 08"
"2015 09 04 09",17,"2015"," 09"," 04"," 09"
"2015 09 04 10",13,"2015"," 09"," 04"," 10"
"2015 09 04 11",8,"2015"," 09"," 04"," 11"
"2015 09 04 12",20,"2015"," 09"," 04"," 12"
"2015 09 04 13",8,"2015"," 09"," 04"," 13"
"2015 09 04 14",27,"2015"," 09"," 04"," 14"
"2015 09 04 15",17,"2015"," 09"," 04"," 15"
"2015 09 04 16",11,"2015"," 09"," 04"," 16"
"2015 09 04 17",16,"2015"," 09"," 04"," 17"
"2015 09 04 18",10,"2015"," 09"," 04"," 18"
"2015 09 04 19",5,"2015"," 09"," 04"," 19"
"2015 09 05 09",2,"2015"," 09"," 05"," 09"
"2015 09 05 10",5,"2015"," 09"," 05"," 10"
"2015 09 05 11",7,"2015"," 09"," 05"," 11"
"2015 09 05 12",8,"2015"," 09"," 05"," 12"
"2015 09 05 13",13,"2015"," 09"," 05"," 13"
"2015 09 07 08",1,"2015"," 09"," 07"," 08"
"2015 09 07 09",16,"2015"," 09"," 07"," 09"
"2015 09 07 10",18,"2015"," 09"," 07"," 10"
"2015 09 07 11",18,"2015"," 09"," 07"," 11"
"2015 09 07 12",11,"2015"," 09"," 07"," 12"
"2015 09 07 13",10,"2015"," 09"," 07"," 13"
"2015 09 07 14",25,"2015"," 09"," 07"," 14"
"2015 09 07 15",4,"2015"," 09"," 07"," 15"
"2015 09 07 16",28,"2015"," 09"," 07"," 16"
"2015 09 07 17",12,"2015"," 09"," 07"," 17"
"2015 09 07 18",26,"2015"," 09"," 07"," 18"
"2015 09 07 19",18,"2015"," 09"," 07"," 19"
"2015 09 08 12",3,"2015"," 09"," 08"," 12"
"2015 09 08 13",23,"2015"," 09"," 08"," 13"
"2015 09 08 14",11,"2015"," 09"," 08"," 14"
"2015 09 08 15",5,"2015"," 09"," 08"," 15"
"2015 09 08 16",22,"2015"," 09"," 08"," 16"
"2015 09 08 17",17,"2015"," 09"," 08"," 17"
"2015 09 08 18",28,"2015"," 09"," 08"," 18"
"2015 09 08 19",3,"2015"," 09"," 08"," 19"
"2015 09 09 08",2,"2015"," 09"," 09"," 08"
"2015 09 09 09",12,"2015"," 09"," 09"," 09"
"2015 09 09 11",15,"2015"," 09"," 09"," 11"
"2015 09 09 12",17,"2015"," 09"," 09"," 12"
"2015 09 09 13",20,"2015"," 09"," 09"," 13"
"2015 09 09 14",39,"2015"," 09"," 09"," 14"
"2015 09 09 15",7,"2015"," 09"," 09"," 15"
"2015 09 09 16",9,"2015"," 09"," 09"," 16"
"2015 09 09 17",9,"2015"," 09"," 09"," 17"
"2015 09 09 18",8,"2015"," 09"," 09"," 18"
"2015 09 09 19",3,"2015"," 09"," 09"," 19"
"2015 09 10 09",6,"2015"," 09"," 10"," 09"
"2015 09 10 10",6,"2015"," 09"," 10"," 10"
"2015 09 10 11",11,"2015"," 09"," 10"," 11"
"2015 09 10 12",13,"2015"," 09"," 10"," 12"
"2015 09 10 13",21,"2015"," 09"," 10"," 13"
"2015 09 10 14",11,"2015"," 09"," 10"," 14"
"2015 09 10 15",18,"2015"," 09"," 10"," 15"
"2015 09 10 16",18,"2015"," 09"," 10"," 16"
"2015 09 10 17",25,"2015"," 09"," 10"," 17"
"2015 09 10 18",11,"2015"," 09"," 10"," 18"
"2015 09 10 19",4,"2015"," 09"," 10"," 19"
"2015 09 11 08",2,"2015"," 09"," 11"," 08"
"2015 09 11 09",4,"2015"," 09"," 11"," 09"
"2015 09 11 10",15,"2015"," 09"," 11"," 10"
"2015 09 11 11",8,"2015"," 09"," 11"," 11"
"2015 09 11 12",26,"2015"," 09"," 11"," 12"
"2015 09 11 13",24,"2015"," 09"," 11"," 13"
"2015 09 11 14",18,"2015"," 09"," 11"," 14"
"2015 09 11 15",13,"2015"," 09"," 11"," 15"
"2015 09 11 16",9,"2015"," 09"," 11"," 16"
"2015 09 11 17",18,"2015"," 09"," 11"," 17"
"2015 09 11 18",8,"2015"," 09"," 11"," 18"
"2015 09 11 19",9,"2015"," 09"," 11"," 19"
"2015 09 12 09",6,"2015"," 09"," 12"," 09"
"2015 09 12 10",14,"2015"," 09"," 12"," 10"
"2015 09 12 11",10,"2015"," 09"," 12"," 11"
"2015 09 12 12",10,"2015"," 09"," 12"," 12"
"2015 09 12 13",1,"2015"," 09"," 12"," 13"
"2015 09 14 08",3,"2015"," 09"," 14"," 08"
"2015 09 14 09",11,"2015"," 09"," 14"," 09"
"2015 09 14 10",12,"2015"," 09"," 14"," 10"
"2015 09 14 11",13,"2015"," 09"," 14"," 11"
"2015 09 14 12",29,"2015"," 09"," 14"," 12"
"2015 09 14 13",14,"2015"," 09"," 14"," 13"
"2015 09 14 14",11,"2015"," 09"," 14"," 14"
"2015 09 14 15",18,"2015"," 09"," 14"," 15"
"2015 09 14 16",21,"2015"," 09"," 14"," 16"
"2015 09 14 17",9,"2015"," 09"," 14"," 17"
"2015 09 14 18",21,"2015"," 09"," 14"," 18"
"2015 09 14 19",14,"2015"," 09"," 14"," 19"
"2015 09 14 23",2,"2015"," 09"," 14"," 23"
"2015 09 15 09",11,"2015"," 09"," 15"," 09"
"2015 09 15 10",9,"2015"," 09"," 15"," 10"
"2015 09 15 11",18,"2015"," 09"," 15"," 11"
"2015 09 15 12",12,"2015"," 09"," 15"," 12"
"2015 09 15 13",21,"2015"," 09"," 15"," 13"
"2015 09 15 14",18,"2015"," 09"," 15"," 14"
"2015 09 15 15",23,"2015"," 09"," 15"," 15"
"2015 09 15 16",12,"2015"," 09"," 15"," 16"
"2015 09 15 17",16,"2015"," 09"," 15"," 17"
"2015 09 15 18",3,"2015"," 09"," 15"," 18"
"2015 09 15 19",13,"2015"," 09"," 15"," 19"
"2015 09 16 09",8,"2015"," 09"," 16"," 09"
"2015 09 16 10",5,"2015"," 09"," 16"," 10"
"2015 09 16 11",25,"2015"," 09"," 16"," 11"
"2015 09 16 12",18,"2015"," 09"," 16"," 12"
"2015 09 16 13",18,"2015"," 09"," 16"," 13"
"2015 09 16 14",19,"2015"," 09"," 16"," 14"
"2015 09 16 15",14,"2015"," 09"," 16"," 15"
"2015 09 16 16",18,"2015"," 09"," 16"," 16"
"2015 09 16 17",8,"2015"," 09"," 16"," 17"
"2015 09 16 18",25,"2015"," 09"," 16"," 18"
"2015 09 16 19",9,"2015"," 09"," 16"," 19"
"2015 09 17 09",14,"2015"," 09"," 17"," 09"
"2015 09 17 10",11,"2015"," 09"," 17"," 10"
"2015 09 17 11",7,"2015"," 09"," 17"," 11"
"2015 09 17 12",22,"2015"," 09"," 17"," 12"
"2015 09 17 13",5,"2015"," 09"," 17"," 13"
"2015 09 17 14",14,"2015"," 09"," 17"," 14"
"2015 09 17 15",7,"2015"," 09"," 17"," 15"
"2015 09 17 16",17,"2015"," 09"," 17"," 16"
"2015 09 17 17",14,"2015"," 09"," 17"," 17"
"2015 09 17 18",16,"2015"," 09"," 17"," 18"
"2015 09 17 19",6,"2015"," 09"," 17"," 19"
"2015 09 18 09",16,"2015"," 09"," 18"," 09"
"2015 09 18 10",11,"2015"," 09"," 18"," 10"
"2015 09 18 11",6,"2015"," 09"," 18"," 11"
"2015 09 18 12",24,"2015"," 09"," 18"," 12"
"2015 09 18 13",10,"2015"," 09"," 18"," 13"
"2015 09 18 14",16,"2015"," 09"," 18"," 14"
"2015 09 18 15",14,"2015"," 09"," 18"," 15"
"2015 09 18 16",17,"2015"," 09"," 18"," 16"
"2015 09 18 17",14,"2015"," 09"," 18"," 17"
"2015 09 18 18",19,"2015"," 09"," 18"," 18"
"2015 09 18 19",3,"2015"," 09"," 18"," 19"
"2015 09 19 09",11,"2015"," 09"," 19"," 09"
"2015 09 19 10",15,"2015"," 09"," 19"," 10"
"2015 09 19 11",9,"2015"," 09"," 19"," 11"
"2015 09 19 12",13,"2015"," 09"," 19"," 12"
"2015 09 19 13",27,"2015"," 09"," 19"," 13"
"2015 09 21 09",17,"2015"," 09"," 21"," 09"
"2015 09 21 10",26,"2015"," 09"," 21"," 10"
"2015 09 21 11",19,"2015"," 09"," 21"," 11"
"2015 09 21 12",41,"2015"," 09"," 21"," 12"
"2015 09 21 13",34,"2015"," 09"," 21"," 13"
"2015 09 21 14",15,"2015"," 09"," 21"," 14"
"2015 09 21 15",38,"2015"," 09"," 21"," 15"
"2015 09 21 16",27,"2015"," 09"," 21"," 16"
"2015 09 21 17",26,"2015"," 09"," 21"," 17"
"2015 09 21 18",28,"2015"," 09"," 21"," 18"
"2015 09 21 19",14,"2015"," 09"," 21"," 19"
"2015 09 22 08",5,"2015"," 09"," 22"," 08"
"2015 09 22 09",10,"2015"," 09"," 22"," 09"
"2015 09 22 10",13,"2015"," 09"," 22"," 10"
"2015 09 22 11",20,"2015"," 09"," 22"," 11"
"2015 09 22 12",13,"2015"," 09"," 22"," 12"
"2015 09 22 13",5,"2015"," 09"," 22"," 13"
"2015 09 22 14",8,"2015"," 09"," 22"," 14"
"2015 09 22 15",11,"2015"," 09"," 22"," 15"
"2015 09 22 16",7,"2015"," 09"," 22"," 16"
"2015 09 22 17",22,"2015"," 09"," 22"," 17"
"2015 09 22 18",13,"2015"," 09"," 22"," 18"
"2015 09 22 19",7,"2015"," 09"," 22"," 19"
"2015 09 23 08",2,"2015"," 09"," 23"," 08"
"2015 09 23 09",4,"2015"," 09"," 23"," 09"
"2015 09 23 10",26,"2015"," 09"," 23"," 10"
"2015 09 23 11",22,"2015"," 09"," 23"," 11"
"2015 09 23 12",12,"2015"," 09"," 23"," 12"
"2015 09 23 13",25,"2015"," 09"," 23"," 13"
"2015 09 23 14",15,"2015"," 09"," 23"," 14"
"2015 09 23 15",20,"2015"," 09"," 23"," 15"
"2015 09 23 16",22,"2015"," 09"," 23"," 16"
"2015 09 23 17",12,"2015"," 09"," 23"," 17"
"2015 09 23 18",21,"2015"," 09"," 23"," 18"
"2015 09 24 08",6,"2015"," 09"," 24"," 08"
"2015 09 24 09",4,"2015"," 09"," 24"," 09"
"2015 09 24 10",24,"2015"," 09"," 24"," 10"
"2015 09 24 11",8,"2015"," 09"," 24"," 11"
"2015 09 24 12",22,"2015"," 09"," 24"," 12"
"2015 09 24 13",10,"2015"," 09"," 24"," 13"
"2015 09 24 14",6,"2015"," 09"," 24"," 14"
"2015 09 24 15",7,"2015"," 09"," 24"," 15"
"2015 09 24 16",7,"2015"," 09"," 24"," 16"
"2015 09 24 17",15,"2015"," 09"," 24"," 17"
"2015 09 24 18",12,"2015"," 09"," 24"," 18"
"2015 09 24 19",6,"2015"," 09"," 24"," 19"
"2015 09 25 08",1,"2015"," 09"," 25"," 08"
"2015 09 25 09",3,"2015"," 09"," 25"," 09"
"2015 09 25 10",19,"2015"," 09"," 25"," 10"
"2015 09 25 11",14,"2015"," 09"," 25"," 11"
"2015 09 25 12",10,"2015"," 09"," 25"," 12"
"2015 09 25 13",25,"2015"," 09"," 25"," 13"
"2015 09 25 14",9,"2015"," 09"," 25"," 14"
"2015 09 25 15",35,"2015"," 09"," 25"," 15"
"2015 09 25 16",13,"2015"," 09"," 25"," 16"
"2015 09 25 17",14,"2015"," 09"," 25"," 17"
"2015 09 25 18",6,"2015"," 09"," 25"," 18"
"2015 09 25 19",3,"2015"," 09"," 25"," 19"
"2015 09 26 09",5,"2015"," 09"," 26"," 09"
"2015 09 26 10",14,"2015"," 09"," 26"," 10"
"2015 09 26 11",9,"2015"," 09"," 26"," 11"
"2015 09 26 12",6,"2015"," 09"," 26"," 12"
"2015 09 26 13",6,"2015"," 09"," 26"," 13"
"2015 09 28 08",4,"2015"," 09"," 28"," 08"
"2015 09 28 09",13,"2015"," 09"," 28"," 09"
"2015 09 28 10",16,"2015"," 09"," 28"," 10"
"2015 09 28 11",15,"2015"," 09"," 28"," 11"
"2015 09 28 12",9,"2015"," 09"," 28"," 12"
"2015 09 28 13",11,"2015"," 09"," 28"," 13"
"2015 09 28 14",23,"2015"," 09"," 28"," 14"
"2015 09 28 15",9,"2015"," 09"," 28"," 15"
"2015 09 28 16",21,"2015"," 09"," 28"," 16"
"2015 09 28 17",17,"2015"," 09"," 28"," 17"
"2015 09 28 18",9,"2015"," 09"," 28"," 18"
"2015 09 28 19",9,"2015"," 09"," 28"," 19"
"2015 09 29 08",4,"2015"," 09"," 29"," 08"
"2015 09 29 09",16,"2015"," 09"," 29"," 09"
"2015 09 29 10",11,"2015"," 09"," 29"," 10"
"2015 09 29 11",10,"2015"," 09"," 29"," 11"
"2015 09 29 12",31,"2015"," 09"," 29"," 12"
"2015 09 29 13",19,"2015"," 09"," 29"," 13"
"2015 09 29 14",26,"2015"," 09"," 29"," 14"
"2015 09 29 15",14,"2015"," 09"," 29"," 15"
"2015 09 29 16",23,"2015"," 09"," 29"," 16"
"2015 09 29 17",9,"2015"," 09"," 29"," 17"
"2015 09 29 18",6,"2015"," 09"," 29"," 18"
"2015 09 30 08",6,"2015"," 09"," 30"," 08"
"2015 09 30 09",5,"2015"," 09"," 30"," 09"
"2015 09 30 10",9,"2015"," 09"," 30"," 10"
"2015 09 30 11",20,"2015"," 09"," 30"," 11"
"2015 09 30 12",32,"2015"," 09"," 30"," 12"
"2015 09 30 13",20,"2015"," 09"," 30"," 13"
"2015 09 30 14",8,"2015"," 09"," 30"," 14"
"2015 09 30 15",6,"2015"," 09"," 30"," 15"
"2015 09 30 16",11,"2015"," 09"," 30"," 16"
"2015 09 30 17",26,"2015"," 09"," 30"," 17"
"2015 09 30 18",14,"2015"," 09"," 30"," 18"
"2015 09 30 19",22,"2015"," 09"," 30"," 19"
"2015 10 01 08",4,"2015"," 10"," 01"," 08"
"2015 10 01 09",6,"2015"," 10"," 01"," 09"
"2015 10 01 10",12,"2015"," 10"," 01"," 10"
"2015 10 01 11",16,"2015"," 10"," 01"," 11"
"2015 10 01 12",9,"2015"," 10"," 01"," 12"
"2015 10 01 13",15,"2015"," 10"," 01"," 13"
"2015 10 01 14",14,"2015"," 10"," 01"," 14"
"2015 10 01 15",12,"2015"," 10"," 01"," 15"
"2015 10 01 16",28,"2015"," 10"," 01"," 16"
"2015 10 01 17",23,"2015"," 10"," 01"," 17"
"2015 10 01 18",22,"2015"," 10"," 01"," 18"
"2015 10 01 19",11,"2015"," 10"," 01"," 19"
"2015 10 02 08",3,"2015"," 10"," 02"," 08"
"2015 10 02 09",2,"2015"," 10"," 02"," 09"
"2015 10 02 10",25,"2015"," 10"," 02"," 10"
"2015 10 02 11",17,"2015"," 10"," 02"," 11"
"2015 10 02 12",21,"2015"," 10"," 02"," 12"
"2015 10 02 13",18,"2015"," 10"," 02"," 13"
"2015 10 02 14",15,"2015"," 10"," 02"," 14"
"2015 10 02 15",14,"2015"," 10"," 02"," 15"
"2015 10 02 16",4,"2015"," 10"," 02"," 16"
"2015 10 02 17",23,"2015"," 10"," 02"," 17"
"2015 10 02 18",13,"2015"," 10"," 02"," 18"
"2015 10 02 19",4,"2015"," 10"," 02"," 19"
"2015 10 03 09",2,"2015"," 10"," 03"," 09"
"2015 10 03 10",3,"2015"," 10"," 03"," 10"
"2015 10 03 11",31,"2015"," 10"," 03"," 11"
"2015 10 03 12",9,"2015"," 10"," 03"," 12"
"2015 10 03 13",8,"2015"," 10"," 03"," 13"
"2015 10 05 09",17,"2015"," 10"," 05"," 09"
"2015 10 05 10",13,"2015"," 10"," 05"," 10"
"2015 10 05 11",23,"2015"," 10"," 05"," 11"
"2015 10 05 12",21,"2015"," 10"," 05"," 12"
"2015 10 05 13",15,"2015"," 10"," 05"," 13"
"2015 10 05 14",19,"2015"," 10"," 05"," 14"
"2015 10 05 15",6,"2015"," 10"," 05"," 15"
"2015 10 05 16",12,"2015"," 10"," 05"," 16"
"2015 10 05 17",15,"2015"," 10"," 05"," 17"
"2015 10 05 18",14,"2015"," 10"," 05"," 18"
"2015 10 05 19",10,"2015"," 10"," 05"," 19"
"2015 10 06 08",6,"2015"," 10"," 06"," 08"
"2015 10 06 09",14,"2015"," 10"," 06"," 09"
"2015 10 06 10",12,"2015"," 10"," 06"," 10"
"2015 10 06 11",22,"2015"," 10"," 06"," 11"
"2015 10 06 12",39,"2015"," 10"," 06"," 12"
"2015 10 06 13",15,"2015"," 10"," 06"," 13"
"2015 10 06 14",35,"2015"," 10"," 06"," 14"
"2015 10 06 15",16,"2015"," 10"," 06"," 15"
"2015 10 06 16",11,"2015"," 10"," 06"," 16"
"2015 10 06 17",20,"2015"," 10"," 06"," 17"
"2015 10 06 18",24,"2015"," 10"," 06"," 18"
"2015 10 06 19",9,"2015"," 10"," 06"," 19"
"2015 10 07 08",2,"2015"," 10"," 07"," 08"
"2015 10 07 09",15,"2015"," 10"," 07"," 09"
"2015 10 07 10",17,"2015"," 10"," 07"," 10"
"2015 10 07 11",4,"2015"," 10"," 07"," 11"
"2015 10 07 12",30,"2015"," 10"," 07"," 12"
"2015 10 07 13",23,"2015"," 10"," 07"," 13"
"2015 10 07 14",31,"2015"," 10"," 07"," 14"
"2015 10 07 15",20,"2015"," 10"," 07"," 15"
"2015 10 07 16",25,"2015"," 10"," 07"," 16"
"2015 10 07 17",19,"2015"," 10"," 07"," 17"
"2015 10 07 18",24,"2015"," 10"," 07"," 18"
"2015 10 07 19",1,"2015"," 10"," 07"," 19"
"2015 10 08 08",6,"2015"," 10"," 08"," 08"
"2015 10 08 10",6,"2015"," 10"," 08"," 10"
"2015 10 08 11",7,"2015"," 10"," 08"," 11"
"2015 10 08 12",10,"2015"," 10"," 08"," 12"
"2015 10 08 13",21,"2015"," 10"," 08"," 13"
"2015 10 08 14",15,"2015"," 10"," 08"," 14"
"2015 10 08 15",13,"2015"," 10"," 08"," 15"
"2015 10 08 16",7,"2015"," 10"," 08"," 16"
"2015 10 08 17",14,"2015"," 10"," 08"," 17"
"2015 10 08 18",39,"2015"," 10"," 08"," 18"
"2015 10 08 19",3,"2015"," 10"," 08"," 19"
"2015 10 09 08",4,"2015"," 10"," 09"," 08"
"2015 10 09 09",20,"2015"," 10"," 09"," 09"
"2015 10 09 10",20,"2015"," 10"," 09"," 10"
"2015 10 09 11",12,"2015"," 10"," 09"," 11"
"2015 10 09 12",29,"2015"," 10"," 09"," 12"
"2015 10 09 13",22,"2015"," 10"," 09"," 13"
"2015 10 09 14",11,"2015"," 10"," 09"," 14"
"2015 10 09 15",12,"2015"," 10"," 09"," 15"
"2015 10 09 16",15,"2015"," 10"," 09"," 16"
"2015 10 09 17",21,"2015"," 10"," 09"," 17"
"2015 10 09 18",9,"2015"," 10"," 09"," 18"
"2015 10 10 09",3,"2015"," 10"," 10"," 09"
"2015 10 10 10",14,"2015"," 10"," 10"," 10"
"2015 10 10 11",6,"2015"," 10"," 10"," 11"
"2015 10 10 12",14,"2015"," 10"," 10"," 12"
"2015 10 10 13",3,"2015"," 10"," 10"," 13"
"2015 10 10 23",2,"2015"," 10"," 10"," 23"
"2015 10 12 08",5,"2015"," 10"," 12"," 08"
"2015 10 12 09",15,"2015"," 10"," 12"," 09"
"2015 10 12 10",20,"2015"," 10"," 12"," 10"
"2015 10 12 11",19,"2015"," 10"," 12"," 11"
"2015 10 12 12",17,"2015"," 10"," 12"," 12"
"2015 10 12 13",20,"2015"," 10"," 12"," 13"
"2015 10 12 14",38,"2015"," 10"," 12"," 14"
"2015 10 12 15",27,"2015"," 10"," 12"," 15"
"2015 10 12 16",18,"2015"," 10"," 12"," 16"
"2015 10 12 17",19,"2015"," 10"," 12"," 17"
"2015 10 12 18",22,"2015"," 10"," 12"," 18"
"2015 10 12 19",16,"2015"," 10"," 12"," 19"
"2015 10 13 09",8,"2015"," 10"," 13"," 09"
"2015 10 13 10",12,"2015"," 10"," 13"," 10"
"2015 10 13 11",15,"2015"," 10"," 13"," 11"
"2015 10 13 12",17,"2015"," 10"," 13"," 12"
"2015 10 13 13",27,"2015"," 10"," 13"," 13"
"2015 10 13 14",13,"2015"," 10"," 13"," 14"
"2015 10 13 15",12,"2015"," 10"," 13"," 15"
"2015 10 13 16",23,"2015"," 10"," 13"," 16"
"2015 10 13 17",15,"2015"," 10"," 13"," 17"
"2015 10 13 18",9,"2015"," 10"," 13"," 18"
"2015 10 13 19",6,"2015"," 10"," 13"," 19"
"2015 10 14 08",5,"2015"," 10"," 14"," 08"
"2015 10 14 09",32,"2015"," 10"," 14"," 09"
"2015 10 14 10",20,"2015"," 10"," 14"," 10"
"2015 10 14 11",21,"2015"," 10"," 14"," 11"
"2015 10 14 12",30,"2015"," 10"," 14"," 12"
"2015 10 14 13",17,"2015"," 10"," 14"," 13"
"2015 10 14 14",9,"2015"," 10"," 14"," 14"
"2015 10 14 15",28,"2015"," 10"," 14"," 15"
"2015 10 14 16",10,"2015"," 10"," 14"," 16"
"2015 10 14 17",20,"2015"," 10"," 14"," 17"
"2015 10 14 18",6,"2015"," 10"," 14"," 18"
"2015 10 14 19",8,"2015"," 10"," 14"," 19"
"2015 10 15 08",3,"2015"," 10"," 15"," 08"
"2015 10 15 09",15,"2015"," 10"," 15"," 09"
"2015 10 15 10",9,"2015"," 10"," 15"," 10"
"2015 10 15 11",19,"2015"," 10"," 15"," 11"
"2015 10 15 12",11,"2015"," 10"," 15"," 12"
"2015 10 15 13",23,"2015"," 10"," 15"," 13"
"2015 10 15 14",19,"2015"," 10"," 15"," 14"
"2015 10 15 15",16,"2015"," 10"," 15"," 15"
"2015 10 15 16",26,"2015"," 10"," 15"," 16"
"2015 10 15 17",6,"2015"," 10"," 15"," 17"
"2015 10 15 18",11,"2015"," 10"," 15"," 18"
"2015 10 15 19",3,"2015"," 10"," 15"," 19"
"2015 10 16 08",2,"2015"," 10"," 16"," 08"
"2015 10 16 09",7,"2015"," 10"," 16"," 09"
"2015 10 16 10",15,"2015"," 10"," 16"," 10"
"2015 10 16 11",30,"2015"," 10"," 16"," 11"
"2015 10 16 12",30,"2015"," 10"," 16"," 12"
"2015 10 16 13",18,"2015"," 10"," 16"," 13"
"2015 10 16 14",18,"2015"," 10"," 16"," 14"
"2015 10 16 15",20,"2015"," 10"," 16"," 15"
"2015 10 16 16",17,"2015"," 10"," 16"," 16"
"2015 10 16 17",13,"2015"," 10"," 16"," 17"
"2015 10 16 18",6,"2015"," 10"," 16"," 18"
"2015 10 16 19",3,"2015"," 10"," 16"," 19"
"2015 10 17 09",17,"2015"," 10"," 17"," 09"
"2015 10 17 10",18,"2015"," 10"," 17"," 10"
"2015 10 17 11",16,"2015"," 10"," 17"," 11"
"2015 10 17 12",25,"2015"," 10"," 17"," 12"
"2015 10 17 13",12,"2015"," 10"," 17"," 13"
"2015 10 17 14",1,"2015"," 10"," 17"," 14"
"2015 10 19 08",3,"2015"," 10"," 19"," 08"
"2015 10 19 09",11,"2015"," 10"," 19"," 09"
"2015 10 19 10",18,"2015"," 10"," 19"," 10"
"2015 10 19 11",33,"2015"," 10"," 19"," 11"
"2015 10 19 12",29,"2015"," 10"," 19"," 12"
"2015 10 19 13",13,"2015"," 10"," 19"," 13"
"2015 10 19 14",36,"2015"," 10"," 19"," 14"
"2015 10 19 15",19,"2015"," 10"," 19"," 15"
"2015 10 19 16",11,"2015"," 10"," 19"," 16"
"2015 10 19 17",25,"2015"," 10"," 19"," 17"
"2015 10 19 18",16,"2015"," 10"," 19"," 18"
"2015 10 19 19",6,"2015"," 10"," 19"," 19"
"2015 10 20 10",13,"2015"," 10"," 20"," 10"
"2015 10 20 11",33,"2015"," 10"," 20"," 11"
"2015 10 20 12",14,"2015"," 10"," 20"," 12"
"2015 10 20 13",2,"2015"," 10"," 20"," 13"
"2015 10 20 14",28,"2015"," 10"," 20"," 14"
"2015 10 20 15",17,"2015"," 10"," 20"," 15"
"2015 10 20 16",18,"2015"," 10"," 20"," 16"
"2015 10 20 17",8,"2015"," 10"," 20"," 17"
"2015 10 20 18",5,"2015"," 10"," 20"," 18"
"2015 10 20 19",8,"2015"," 10"," 20"," 19"
"2015 10 21 08",3,"2015"," 10"," 21"," 08"
"2015 10 21 09",17,"2015"," 10"," 21"," 09"
"2015 10 21 10",15,"2015"," 10"," 21"," 10"
"2015 10 21 11",12,"2015"," 10"," 21"," 11"
"2015 10 21 12",18,"2015"," 10"," 21"," 12"
"2015 10 21 13",18,"2015"," 10"," 21"," 13"
"2015 10 21 14",16,"2015"," 10"," 21"," 14"
"2015 10 21 15",16,"2015"," 10"," 21"," 15"
"2015 10 21 16",23,"2015"," 10"," 21"," 16"
"2015 10 21 17",10,"2015"," 10"," 21"," 17"
"2015 10 21 18",13,"2015"," 10"," 21"," 18"
"2015 10 21 19",10,"2015"," 10"," 21"," 19"
"2015 10 22 09",13,"2015"," 10"," 22"," 09"
"2015 10 22 10",15,"2015"," 10"," 22"," 10"
"2015 10 22 11",16,"2015"," 10"," 22"," 11"
"2015 10 22 12",21,"2015"," 10"," 22"," 12"
"2015 10 22 13",39,"2015"," 10"," 22"," 13"
"2015 10 22 14",41,"2015"," 10"," 22"," 14"
"2015 10 22 15",37,"2015"," 10"," 22"," 15"
"2015 10 22 16",13,"2015"," 10"," 22"," 16"
"2015 10 22 17",7,"2015"," 10"," 22"," 17"
"2015 10 22 18",16,"2015"," 10"," 22"," 18"
"2015 10 22 19",3,"2015"," 10"," 22"," 19"
"2015 10 23 08",2,"2015"," 10"," 23"," 08"
"2015 10 23 09",8,"2015"," 10"," 23"," 09"
"2015 10 23 10",19,"2015"," 10"," 23"," 10"
"2015 10 23 11",20,"2015"," 10"," 23"," 11"
"2015 10 23 12",25,"2015"," 10"," 23"," 12"
"2015 10 23 13",30,"2015"," 10"," 23"," 13"
"2015 10 23 14",19,"2015"," 10"," 23"," 14"
"2015 10 23 15",15,"2015"," 10"," 23"," 15"
"2015 10 23 16",19,"2015"," 10"," 23"," 16"
"2015 10 23 17",23,"2015"," 10"," 23"," 17"
"2015 10 23 18",21,"2015"," 10"," 23"," 18"
"2015 10 23 19",3,"2015"," 10"," 23"," 19"
"2015 10 24 09",11,"2015"," 10"," 24"," 09"
"2015 10 24 10",25,"2015"," 10"," 24"," 10"
"2015 10 24 11",14,"2015"," 10"," 24"," 11"
"2015 10 24 12",37,"2015"," 10"," 24"," 12"
"2015 10 24 13",18,"2015"," 10"," 24"," 13"
"2015 10 26 08",12,"2015"," 10"," 26"," 08"
"2015 10 26 09",7,"2015"," 10"," 26"," 09"
"2015 10 26 10",23,"2015"," 10"," 26"," 10"
"2015 10 26 11",22,"2015"," 10"," 26"," 11"
"2015 10 26 12",13,"2015"," 10"," 26"," 12"
"2015 10 26 13",23,"2015"," 10"," 26"," 13"
"2015 10 26 14",21,"2015"," 10"," 26"," 14"
"2015 10 26 15",26,"2015"," 10"," 26"," 15"
"2015 10 26 16",29,"2015"," 10"," 26"," 16"
"2015 10 26 17",31,"2015"," 10"," 26"," 17"
"2015 10 26 18",23,"2015"," 10"," 26"," 18"
"2015 10 26 19",16,"2015"," 10"," 26"," 19"
"2015 10 27 08",8,"2015"," 10"," 27"," 08"
"2015 10 27 09",8,"2015"," 10"," 27"," 09"
"2015 10 27 10",15,"2015"," 10"," 27"," 10"
"2015 10 27 11",27,"2015"," 10"," 27"," 11"
"2015 10 27 12",22,"2015"," 10"," 27"," 12"
"2015 10 27 13",19,"2015"," 10"," 27"," 13"
"2015 10 27 14",19,"2015"," 10"," 27"," 14"
"2015 10 27 15",13,"2015"," 10"," 27"," 15"
"2015 10 27 16",16,"2015"," 10"," 27"," 16"
"2015 10 27 17",15,"2015"," 10"," 27"," 17"
"2015 10 27 18",14,"2015"," 10"," 27"," 18"
"2015 10 27 19",9,"2015"," 10"," 27"," 19"
"2015 10 28 08",3,"2015"," 10"," 28"," 08"
"2015 10 28 09",12,"2015"," 10"," 28"," 09"
"2015 10 28 10",16,"2015"," 10"," 28"," 10"
"2015 10 28 11",15,"2015"," 10"," 28"," 11"
"2015 10 28 12",27,"2015"," 10"," 28"," 12"
"2015 10 28 13",25,"2015"," 10"," 28"," 13"
"2015 10 28 14",18,"2015"," 10"," 28"," 14"
"2015 10 28 15",16,"2015"," 10"," 28"," 15"
"2015 10 28 16",15,"2015"," 10"," 28"," 16"
"2015 10 28 17",12,"2015"," 10"," 28"," 17"
"2015 10 28 18",6,"2015"," 10"," 28"," 18"
"2015 10 28 19",3,"2015"," 10"," 28"," 19"
"2015 10 29 08",6,"2015"," 10"," 29"," 08"
"2015 10 29 09",22,"2015"," 10"," 29"," 09"
"2015 10 29 10",21,"2015"," 10"," 29"," 10"
"2015 10 29 11",17,"2015"," 10"," 29"," 11"
"2015 10 29 12",30,"2015"," 10"," 29"," 12"
"2015 10 29 13",44,"2015"," 10"," 29"," 13"
"2015 10 29 14",27,"2015"," 10"," 29"," 14"
"2015 10 29 15",26,"2015"," 10"," 29"," 15"
"2015 10 29 16",28,"2015"," 10"," 29"," 16"
"2015 10 29 17",18,"2015"," 10"," 29"," 17"
"2015 10 29 18",27,"2015"," 10"," 29"," 18"
"2015 10 29 19",1,"2015"," 10"," 29"," 19"
"2015 10 30 08",13,"2015"," 10"," 30"," 08"
"2015 10 30 09",11,"2015"," 10"," 30"," 09"
"2015 10 30 10",26,"2015"," 10"," 30"," 10"
"2015 10 30 11",37,"2015"," 10"," 30"," 11"
"2015 10 30 12",18,"2015"," 10"," 30"," 12"
"2015 10 30 13",45,"2015"," 10"," 30"," 13"
"2015 10 30 14",37,"2015"," 10"," 30"," 14"
"2015 10 30 15",29,"2015"," 10"," 30"," 15"
"2015 10 30 16",38,"2015"," 10"," 30"," 16"
"2015 10 30 17",15,"2015"," 10"," 30"," 17"
"2015 10 30 18",6,"2015"," 10"," 30"," 18"
"2015 10 30 19",9,"2015"," 10"," 30"," 19"
"2015 10 31 10",1,"2015"," 10"," 31"," 10"
"2015 10 31 13",8,"2015"," 10"," 31"," 13"
"2015 11 02 08",3,"2015"," 11"," 02"," 08"
"2015 11 02 09",11,"2015"," 11"," 02"," 09"
"2015 11 02 10",14,"2015"," 11"," 02"," 10"
"2015 11 02 11",15,"2015"," 11"," 02"," 11"
"2015 11 02 12",10,"2015"," 11"," 02"," 12"
"2015 11 02 13",34,"2015"," 11"," 02"," 13"
"2015 11 02 14",16,"2015"," 11"," 02"," 14"
"2015 11 02 15",17,"2015"," 11"," 02"," 15"
"2015 11 02 16",27,"2015"," 11"," 02"," 16"
"2015 11 02 17",47,"2015"," 11"," 02"," 17"
"2015 11 02 18",44,"2015"," 11"," 02"," 18"
"2015 11 02 19",9,"2015"," 11"," 02"," 19"
"2015 11 03 09",3,"2015"," 11"," 03"," 09"
"2015 11 03 10",9,"2015"," 11"," 03"," 10"
"2015 11 03 11",34,"2015"," 11"," 03"," 11"
"2015 11 03 12",17,"2015"," 11"," 03"," 12"
"2015 11 03 13",10,"2015"," 11"," 03"," 13"
"2015 11 03 14",9,"2015"," 11"," 03"," 14"
"2015 11 03 15",35,"2015"," 11"," 03"," 15"
"2015 11 03 16",17,"2015"," 11"," 03"," 16"
"2015 11 03 17",22,"2015"," 11"," 03"," 17"
"2015 11 03 18",3,"2015"," 11"," 03"," 18"
"2015 11 05 08",3,"2015"," 11"," 05"," 08"
"2015 11 05 09",10,"2015"," 11"," 05"," 09"
"2015 11 05 10",16,"2015"," 11"," 05"," 10"
"2015 11 05 11",36,"2015"," 11"," 05"," 11"
"2015 11 05 12",42,"2015"," 11"," 05"," 12"
"2015 11 05 13",32,"2015"," 11"," 05"," 13"
"2015 11 05 14",27,"2015"," 11"," 05"," 14"
"2015 11 05 15",22,"2015"," 11"," 05"," 15"
"2015 11 05 16",16,"2015"," 11"," 05"," 16"
"2015 11 05 17",25,"2015"," 11"," 05"," 17"
"2015 11 05 18",19,"2015"," 11"," 05"," 18"
"2015 11 05 19",10,"2015"," 11"," 05"," 19"
"2015 11 06 08",2,"2015"," 11"," 06"," 08"
"2015 11 06 09",13,"2015"," 11"," 06"," 09"
"2015 11 06 10",17,"2015"," 11"," 06"," 10"
"2015 11 06 11",19,"2015"," 11"," 06"," 11"
"2015 11 06 12",18,"2015"," 11"," 06"," 12"
"2015 11 06 13",18,"2015"," 11"," 06"," 13"
"2015 11 06 14",46,"2015"," 11"," 06"," 14"
"2015 11 06 15",36,"2015"," 11"," 06"," 15"
"2015 11 06 16",9,"2015"," 11"," 06"," 16"
"2015 11 06 17",23,"2015"," 11"," 06"," 17"
"2015 11 06 18",18,"2015"," 11"," 06"," 18"
"2015 11 06 19",6,"2015"," 11"," 06"," 19"
"2015 11 07 10",10,"2015"," 11"," 07"," 10"
"2015 11 07 11",10,"2015"," 11"," 07"," 11"
"2015 11 07 12",14,"2015"," 11"," 07"," 12"
"2015 11 07 13",20,"2015"," 11"," 07"," 13"
"2015 11 07 14",7,"2015"," 11"," 07"," 14"
"2015 11 09 08",3,"2015"," 11"," 09"," 08"
"2015 11 09 09",13,"2015"," 11"," 09"," 09"
"2015 11 09 10",30,"2015"," 11"," 09"," 10"
"2015 11 09 11",17,"2015"," 11"," 09"," 11"
"2015 11 09 12",33,"2015"," 11"," 09"," 12"
"2015 11 09 13",21,"2015"," 11"," 09"," 13"
"2015 11 09 14",23,"2015"," 11"," 09"," 14"
"2015 11 09 15",32,"2015"," 11"," 09"," 15"
"2015 11 09 16",31,"2015"," 11"," 09"," 16"
"2015 11 09 17",16,"2015"," 11"," 09"," 17"
"2015 11 09 18",12,"2015"," 11"," 09"," 18"
"2015 11 09 19",6,"2015"," 11"," 09"," 19"
"2015 11 10 08",6,"2015"," 11"," 10"," 08"
"2015 11 10 09",15,"2015"," 11"," 10"," 09"
"2015 11 10 10",26,"2015"," 11"," 10"," 10"
"2015 11 10 11",19,"2015"," 11"," 10"," 11"
"2015 11 10 12",45,"2015"," 11"," 10"," 12"
"2015 11 10 13",11,"2015"," 11"," 10"," 13"
"2015 11 10 14",19,"2015"," 11"," 10"," 14"
"2015 11 10 15",19,"2015"," 11"," 10"," 15"
"2015 11 10 16",20,"2015"," 11"," 10"," 16"
"2015 11 10 17",17,"2015"," 11"," 10"," 17"
"2015 11 10 18",15,"2015"," 11"," 10"," 18"
"2015 11 10 19",4,"2015"," 11"," 10"," 19"
"2015 11 11 09",8,"2015"," 11"," 11"," 09"
"2015 11 11 10",11,"2015"," 11"," 11"," 10"
"2015 11 11 11",8,"2015"," 11"," 11"," 11"
"2015 11 11 12",35,"2015"," 11"," 11"," 12"
"2015 11 11 13",27,"2015"," 11"," 11"," 13"
"2015 11 11 14",16,"2015"," 11"," 11"," 14"
"2015 11 11 15",19,"2015"," 11"," 11"," 15"
"2015 11 11 16",11,"2015"," 11"," 11"," 16"
"2015 11 11 17",14,"2015"," 11"," 11"," 17"
"2015 11 11 18",25,"2015"," 11"," 11"," 18"
"2015 11 11 19",29,"2015"," 11"," 11"," 19"
"2015 11 12 08",3,"2015"," 11"," 12"," 08"
"2015 11 12 09",9,"2015"," 11"," 12"," 09"
"2015 11 12 10",23,"2015"," 11"," 12"," 10"
"2015 11 12 11",20,"2015"," 11"," 12"," 11"
"2015 11 12 12",29,"2015"," 11"," 12"," 12"
"2015 11 12 13",31,"2015"," 11"," 12"," 13"
"2015 11 12 14",12,"2015"," 11"," 12"," 14"
"2015 11 12 15",28,"2015"," 11"," 12"," 15"
"2015 11 12 16",21,"2015"," 11"," 12"," 16"
"2015 11 12 17",25,"2015"," 11"," 12"," 17"
"2015 11 12 18",16,"2015"," 11"," 12"," 18"
"2015 11 12 19",14,"2015"," 11"," 12"," 19"
"2015 11 13 09",7,"2015"," 11"," 13"," 09"
"2015 11 13 10",19,"2015"," 11"," 13"," 10"
"2015 11 13 11",16,"2015"," 11"," 13"," 11"
"2015 11 13 12",24,"2015"," 11"," 13"," 12"
"2015 11 13 13",15,"2015"," 11"," 13"," 13"
"2015 11 13 14",4,"2015"," 11"," 13"," 14"
"2015 11 13 15",23,"2015"," 11"," 13"," 15"
"2015 11 13 16",30,"2015"," 11"," 13"," 16"
"2015 11 13 17",17,"2015"," 11"," 13"," 17"
"2015 11 13 18",15,"2015"," 11"," 13"," 18"
"2015 11 13 19",13,"2015"," 11"," 13"," 19"
"2015 11 14 09",9,"2015"," 11"," 14"," 09"
"2015 11 14 10",9,"2015"," 11"," 14"," 10"
"2015 11 14 11",20,"2015"," 11"," 14"," 11"
"2015 11 14 12",16,"2015"," 11"," 14"," 12"
"2015 11 14 13",14,"2015"," 11"," 14"," 13"
"2015 11 16 08",6,"2015"," 11"," 16"," 08"
"2015 11 16 09",9,"2015"," 11"," 16"," 09"
"2015 11 16 10",13,"2015"," 11"," 16"," 10"
"2015 11 16 11",27,"2015"," 11"," 16"," 11"
"2015 11 16 12",26,"2015"," 11"," 16"," 12"
"2015 11 16 13",22,"2015"," 11"," 16"," 13"
"2015 11 16 14",24,"2015"," 11"," 16"," 14"
"2015 11 16 15",17,"2015"," 11"," 16"," 15"
"2015 11 16 16",26,"2015"," 11"," 16"," 16"
"2015 11 16 17",10,"2015"," 11"," 16"," 17"
"2015 11 16 18",20,"2015"," 11"," 16"," 18"
"2015 11 16 19",12,"2015"," 11"," 16"," 19"
"2015 11 17 08",2,"2015"," 11"," 17"," 08"
"2015 11 17 09",10,"2015"," 11"," 17"," 09"
"2015 11 17 10",15,"2015"," 11"," 17"," 10"
"2015 11 17 11",16,"2015"," 11"," 17"," 11"
"2015 11 17 12",19,"2015"," 11"," 17"," 12"
"2015 11 17 13",10,"2015"," 11"," 17"," 13"
"2015 11 17 14",18,"2015"," 11"," 17"," 14"
"2015 11 17 15",17,"2015"," 11"," 17"," 15"
"2015 11 17 16",6,"2015"," 11"," 17"," 16"
"2015 11 17 17",25,"2015"," 11"," 17"," 17"
"2015 11 17 18",12,"2015"," 11"," 17"," 18"
"2015 11 17 19",1,"2015"," 11"," 17"," 19"
"2015 11 18 08",7,"2015"," 11"," 18"," 08"
"2015 11 18 09",5,"2015"," 11"," 18"," 09"
"2015 11 18 10",11,"2015"," 11"," 18"," 10"
"2015 11 18 11",18,"2015"," 11"," 18"," 11"
"2015 11 18 12",13,"2015"," 11"," 18"," 12"
"2015 11 18 13",18,"2015"," 11"," 18"," 13"
"2015 11 18 14",27,"2015"," 11"," 18"," 14"
"2015 11 18 15",20,"2015"," 11"," 18"," 15"
"2015 11 18 16",5,"2015"," 11"," 18"," 16"
"2015 11 18 17",15,"2015"," 11"," 18"," 17"
"2015 11 18 18",18,"2015"," 11"," 18"," 18"
"2015 11 18 19",21,"2015"," 11"," 18"," 19"
"2015 11 19 08",3,"2015"," 11"," 19"," 08"
"2015 11 19 09",2,"2015"," 11"," 19"," 09"
"2015 11 19 10",9,"2015"," 11"," 19"," 10"
"2015 11 19 11",14,"2015"," 11"," 19"," 11"
"2015 11 19 12",15,"2015"," 11"," 19"," 12"
"2015 11 19 13",9,"2015"," 11"," 19"," 13"
"2015 11 19 14",9,"2015"," 11"," 19"," 14"
"2015 11 19 15",31,"2015"," 11"," 19"," 15"
"2015 11 19 16",19,"2015"," 11"," 19"," 16"
"2015 11 19 17",21,"2015"," 11"," 19"," 17"
"2015 11 19 18",21,"2015"," 11"," 19"," 18"
"2015 11 19 19",3,"2015"," 11"," 19"," 19"
"2015 11 20 08",3,"2015"," 11"," 20"," 08"
"2015 11 20 09",9,"2015"," 11"," 20"," 09"
"2015 11 20 10",11,"2015"," 11"," 20"," 10"
"2015 11 20 11",24,"2015"," 11"," 20"," 11"
"2015 11 20 12",9,"2015"," 11"," 20"," 12"
"2015 11 20 13",19,"2015"," 11"," 20"," 13"
"2015 11 20 14",20,"2015"," 11"," 20"," 14"
"2015 11 20 15",12,"2015"," 11"," 20"," 15"
"2015 11 20 16",15,"2015"," 11"," 20"," 16"
"2015 11 20 17",6,"2015"," 11"," 20"," 17"
"2015 11 20 18",7,"2015"," 11"," 20"," 18"
"2015 11 20 19",10,"2015"," 11"," 20"," 19"
"2015 11 21 09",3,"2015"," 11"," 21"," 09"
"2015 11 21 10",11,"2015"," 11"," 21"," 10"
"2015 11 21 11",6,"2015"," 11"," 21"," 11"
"2015 11 21 12",26,"2015"," 11"," 21"," 12"
"2015 11 21 13",38,"2015"," 11"," 21"," 13"
"2015 11 21 14",7,"2015"," 11"," 21"," 14"
"2015 11 23 08",9,"2015"," 11"," 23"," 08"
"2015 11 23 09",5,"2015"," 11"," 23"," 09"
"2015 11 23 10",16,"2015"," 11"," 23"," 10"
"2015 11 23 11",25,"2015"," 11"," 23"," 11"
"2015 11 23 12",14,"2015"," 11"," 23"," 12"
"2015 11 23 13",24,"2015"," 11"," 23"," 13"
"2015 11 23 14",20,"2015"," 11"," 23"," 14"
"2015 11 23 15",20,"2015"," 11"," 23"," 15"
"2015 11 23 16",12,"2015"," 11"," 23"," 16"
"2015 11 23 17",9,"2015"," 11"," 23"," 17"
"2015 11 23 18",20,"2015"," 11"," 23"," 18"
"2015 11 23 19",5,"2015"," 11"," 23"," 19"
"2015 11 24 08",1,"2015"," 11"," 24"," 08"
"2015 11 24 09",10,"2015"," 11"," 24"," 09"
"2015 11 24 10",11,"2015"," 11"," 24"," 10"
"2015 11 24 11",20,"2015"," 11"," 24"," 11"
"2015 11 24 12",27,"2015"," 11"," 24"," 12"
"2015 11 24 13",13,"2015"," 11"," 24"," 13"
"2015 11 24 14",16,"2015"," 11"," 24"," 14"
"2015 11 24 15",20,"2015"," 11"," 24"," 15"
"2015 11 24 16",20,"2015"," 11"," 24"," 16"
"2015 11 24 17",20,"2015"," 11"," 24"," 17"
"2015 11 24 18",12,"2015"," 11"," 24"," 18"
"2015 11 24 19",5,"2015"," 11"," 24"," 19"
"2015 11 25 08",6,"2015"," 11"," 25"," 08"
"2015 11 25 09",16,"2015"," 11"," 25"," 09"
"2015 11 25 10",31,"2015"," 11"," 25"," 10"
"2015 11 25 11",20,"2015"," 11"," 25"," 11"
"2015 11 25 12",17,"2015"," 11"," 25"," 12"
"2015 11 25 13",30,"2015"," 11"," 25"," 13"
"2015 11 25 14",13,"2015"," 11"," 25"," 14"
"2015 11 25 15",18,"2015"," 11"," 25"," 15"
"2015 11 27 18",2,"2015"," 11"," 27"," 18"
"2015 11 27 19",7,"2015"," 11"," 27"," 19"
"2015 11 28 09",9,"2015"," 11"," 28"," 09"
"2015 11 28 10",11,"2015"," 11"," 28"," 10"
"2015 11 28 11",10,"2015"," 11"," 28"," 11"
"2015 11 28 12",25,"2015"," 11"," 28"," 12"
"2015 11 28 13",40,"2015"," 11"," 28"," 13"
"2015 11 28 14",7,"2015"," 11"," 28"," 14"
"2015 11 30 08",3,"2015"," 11"," 30"," 08"
"2015 11 30 09",9,"2015"," 11"," 30"," 09"
"2015 11 30 10",18,"2015"," 11"," 30"," 10"
"2015 11 30 11",40,"2015"," 11"," 30"," 11"
"2015 11 30 12",26,"2015"," 11"," 30"," 12"
"2015 11 30 13",28,"2015"," 11"," 30"," 13"
"2015 11 30 14",30,"2015"," 11"," 30"," 14"
"2015 11 30 15",34,"2015"," 11"," 30"," 15"
"2015 11 30 16",22,"2015"," 11"," 30"," 16"
"2015 11 30 17",31,"2015"," 11"," 30"," 17"
"2015 11 30 18",24,"2015"," 11"," 30"," 18"
"2015 11 30 19",16,"2015"," 11"," 30"," 19"
"2015 12 01 08",7,"2015"," 12"," 01"," 08"
"2015 12 01 09",14,"2015"," 12"," 01"," 09"
"2015 12 01 10",13,"2015"," 12"," 01"," 10"
"2015 12 01 11",30,"2015"," 12"," 01"," 11"
"2015 12 01 12",15,"2015"," 12"," 01"," 12"
"2015 12 01 13",30,"2015"," 12"," 01"," 13"
"2015 12 01 14",24,"2015"," 12"," 01"," 14"
"2015 12 01 15",14,"2015"," 12"," 01"," 15"
"2015 12 01 16",17,"2015"," 12"," 01"," 16"
"2015 12 01 17",11,"2015"," 12"," 01"," 17"
"2015 12 01 18",16,"2015"," 12"," 01"," 18"
"2015 12 01 19",9,"2015"," 12"," 01"," 19"
"2015 12 02 09",15,"2015"," 12"," 02"," 09"
"2015 12 02 10",7,"2015"," 12"," 02"," 10"
"2015 12 02 11",13,"2015"," 12"," 02"," 11"
"2015 12 02 12",34,"2015"," 12"," 02"," 12"
"2015 12 02 13",7,"2015"," 12"," 02"," 13"
"2015 12 02 14",17,"2015"," 12"," 02"," 14"
"2015 12 02 15",25,"2015"," 12"," 02"," 15"
"2015 12 02 16",8,"2015"," 12"," 02"," 16"
"2015 12 02 17",9,"2015"," 12"," 02"," 17"
"2015 12 02 18",26,"2015"," 12"," 02"," 18"
"2015 12 02 19",3,"2015"," 12"," 02"," 19"
"2015 12 03 08",3,"2015"," 12"," 03"," 08"
"2015 12 03 09",23,"2015"," 12"," 03"," 09"
"2015 12 03 10",6,"2015"," 12"," 03"," 10"
"2015 12 03 11",27,"2015"," 12"," 03"," 11"
"2015 12 03 12",16,"2015"," 12"," 03"," 12"
"2015 12 03 13",19,"2015"," 12"," 03"," 13"
"2015 12 03 14",30,"2015"," 12"," 03"," 14"
"2015 12 03 15",18,"2015"," 12"," 03"," 15"
"2015 12 03 16",12,"2015"," 12"," 03"," 16"
"2015 12 03 17",2,"2015"," 12"," 03"," 17"
"2015 12 03 18",9,"2015"," 12"," 03"," 18"
"2015 12 03 19",4,"2015"," 12"," 03"," 19"
"2015 12 04 08",1,"2015"," 12"," 04"," 08"
"2015 12 04 09",32,"2015"," 12"," 04"," 09"
"2015 12 04 10",7,"2015"," 12"," 04"," 10"
"2015 12 04 11",23,"2015"," 12"," 04"," 11"
"2015 12 04 12",24,"2015"," 12"," 04"," 12"
"2015 12 04 13",22,"2015"," 12"," 04"," 13"
"2015 12 04 14",10,"2015"," 12"," 04"," 14"
"2015 12 04 15",16,"2015"," 12"," 04"," 15"
"2015 12 04 16",14,"2015"," 12"," 04"," 16"
"2015 12 04 17",15,"2015"," 12"," 04"," 17"
"2015 12 04 18",20,"2015"," 12"," 04"," 18"
"2015 12 04 19",9,"2015"," 12"," 04"," 19"
"2015 12 05 09",11,"2015"," 12"," 05"," 09"
"2015 12 05 10",14,"2015"," 12"," 05"," 10"
"2015 12 05 11",17,"2015"," 12"," 05"," 11"
"2015 12 05 12",18,"2015"," 12"," 05"," 12"
"2015 12 05 13",24,"2015"," 12"," 05"," 13"
"2015 12 07 08",1,"2015"," 12"," 07"," 08"
"2015 12 07 09",12,"2015"," 12"," 07"," 09"
"2015 12 07 10",29,"2015"," 12"," 07"," 10"
"2015 12 07 11",26,"2015"," 12"," 07"," 11"
"2015 12 07 12",2,"2015"," 12"," 07"," 12"
"2015 12 07 13",9,"2015"," 12"," 07"," 13"
"2015 12 07 14",12,"2015"," 12"," 07"," 14"
"2015 12 07 15",5,"2015"," 12"," 07"," 15"
"2015 12 08 08",5,"2015"," 12"," 08"," 08"
"2015 12 08 11",12,"2015"," 12"," 08"," 11"
"2015 12 08 12",14,"2015"," 12"," 08"," 12"
"2015 12 08 13",19,"2015"," 12"," 08"," 13"
"2015 12 08 14",34,"2015"," 12"," 08"," 14"
"2015 12 08 15",17,"2015"," 12"," 08"," 15"
"2015 12 08 16",11,"2015"," 12"," 08"," 16"
"2015 12 08 17",13,"2015"," 12"," 08"," 17"
"2015 12 08 18",8,"2015"," 12"," 08"," 18"
"2015 12 08 19",8,"2015"," 12"," 08"," 19"
"2015 12 09 08",5,"2015"," 12"," 09"," 08"
"2015 12 09 09",15,"2015"," 12"," 09"," 09"
"2015 12 09 10",17,"2015"," 12"," 09"," 10"
"2015 12 09 11",21,"2015"," 12"," 09"," 11"
"2015 12 09 12",22,"2015"," 12"," 09"," 12"
"2015 12 09 13",10,"2015"," 12"," 09"," 13"
"2015 12 09 14",24,"2015"," 12"," 09"," 14"
"2015 12 09 15",16,"2015"," 12"," 09"," 15"
"2015 12 09 16",16,"2015"," 12"," 09"," 16"
"2015 12 09 17",18,"2015"," 12"," 09"," 17"
"2015 12 09 18",3,"2015"," 12"," 09"," 18"
"2015 12 09 19",3,"2015"," 12"," 09"," 19"
"2015 12 10 08",4,"2015"," 12"," 10"," 08"
"2015 12 10 09",6,"2015"," 12"," 10"," 09"
"2015 12 10 10",21,"2015"," 12"," 10"," 10"
"2015 12 10 11",6,"2015"," 12"," 10"," 11"
"2015 12 10 12",13,"2015"," 12"," 10"," 12"
"2015 12 10 13",24,"2015"," 12"," 10"," 13"
"2015 12 10 14",24,"2015"," 12"," 10"," 14"
"2015 12 10 15",11,"2015"," 12"," 10"," 15"
"2015 12 10 16",6,"2015"," 12"," 10"," 16"
"2015 12 10 17",12,"2015"," 12"," 10"," 17"
"2015 12 10 18",5,"2015"," 12"," 10"," 18"
"2015 12 11 08",5,"2015"," 12"," 11"," 08"
"2015 12 11 09",18,"2015"," 12"," 11"," 09"
"2015 12 11 10",17,"2015"," 12"," 11"," 10"
"2015 12 11 11",15,"2015"," 12"," 11"," 11"
"2015 12 11 12",10,"2015"," 12"," 11"," 12"
"2015 12 11 13",14,"2015"," 12"," 11"," 13"
"2015 12 11 14",10,"2015"," 12"," 11"," 14"
"2015 12 11 15",19,"2015"," 12"," 11"," 15"
"2015 12 11 16",32,"2015"," 12"," 11"," 16"
"2015 12 11 17",8,"2015"," 12"," 11"," 17"
"2015 12 11 18",11,"2015"," 12"," 11"," 18"
"2015 12 11 19",1,"2015"," 12"," 11"," 19"
"2015 12 12 09",3,"2015"," 12"," 12"," 09"
"2015 12 12 10",10,"2015"," 12"," 12"," 10"
"2015 12 12 11",12,"2015"," 12"," 12"," 11"
"2015 12 12 12",27,"2015"," 12"," 12"," 12"
"2015 12 12 13",11,"2015"," 12"," 12"," 13"
"2015 12 14 08",7,"2015"," 12"," 14"," 08"
"2015 12 14 09",10,"2015"," 12"," 14"," 09"
"2015 12 14 10",18,"2015"," 12"," 14"," 10"
"2015 12 14 11",10,"2015"," 12"," 14"," 11"
"2015 12 14 12",12,"2015"," 12"," 14"," 12"
"2015 12 14 13",22,"2015"," 12"," 14"," 13"
"2015 12 14 14",22,"2015"," 12"," 14"," 14"
"2015 12 14 15",22,"2015"," 12"," 14"," 15"
"2015 12 14 16",8,"2015"," 12"," 14"," 16"
"2015 12 14 17",14,"2015"," 12"," 14"," 17"
"2015 12 14 18",21,"2015"," 12"," 14"," 18"
"2015 12 14 19",12,"2015"," 12"," 14"," 19"
"2015 12 15 08",5,"2015"," 12"," 15"," 08"
"2015 12 15 09",6,"2015"," 12"," 15"," 09"
"2015 12 15 10",13,"2015"," 12"," 15"," 10"
"2015 12 15 17",2,"2015"," 12"," 15"," 17"
"2015 12 15 18",17,"2015"," 12"," 15"," 18"
"2015 12 15 19",11,"2015"," 12"," 15"," 19"
"2015 12 16 08",5,"2015"," 12"," 16"," 08"
"2015 12 16 09",23,"2015"," 12"," 16"," 09"
"2015 12 16 10",7,"2015"," 12"," 16"," 10"
"2015 12 16 11",13,"2015"," 12"," 16"," 11"
"2015 12 16 12",39,"2015"," 12"," 16"," 12"
"2015 12 16 13",24,"2015"," 12"," 16"," 13"
"2015 12 16 14",28,"2015"," 12"," 16"," 14"
"2015 12 16 15",32,"2015"," 12"," 16"," 15"
"2015 12 16 16",27,"2015"," 12"," 16"," 16"
"2015 12 16 17",10,"2015"," 12"," 16"," 17"
"2015 12 16 18",16,"2015"," 12"," 16"," 18"
"2015 12 16 19",11,"2015"," 12"," 16"," 19"
"2015 12 17 09",2,"2015"," 12"," 17"," 09"
"2015 12 17 10",8,"2015"," 12"," 17"," 10"
"2015 12 17 11",22,"2015"," 12"," 17"," 11"
"2015 12 17 12",15,"2015"," 12"," 17"," 12"
"2015 12 17 13",36,"2015"," 12"," 17"," 13"
"2015 12 17 14",24,"2015"," 12"," 17"," 14"
"2015 12 17 15",20,"2015"," 12"," 17"," 15"
"2015 12 17 16",18,"2015"," 12"," 17"," 16"
"2015 12 17 17",7,"2015"," 12"," 17"," 17"
"2015 12 17 18",15,"2015"," 12"," 17"," 18"
"2015 12 17 19",3,"2015"," 12"," 17"," 19"
"2015 12 19 09",11,"2015"," 12"," 19"," 09"
"2015 12 19 10",33,"2015"," 12"," 19"," 10"
"2015 12 19 11",15,"2015"," 12"," 19"," 11"
"2015 12 19 12",26,"2015"," 12"," 19"," 12"
"2015 12 19 13",7,"2015"," 12"," 19"," 13"
"2015 12 21 08",3,"2015"," 12"," 21"," 08"
"2015 12 21 09",13,"2015"," 12"," 21"," 09"
"2015 12 21 10",19,"2015"," 12"," 21"," 10"
"2015 12 21 11",18,"2015"," 12"," 21"," 11"
"2015 12 21 12",27,"2015"," 12"," 21"," 12"
"2015 12 21 13",35,"2015"," 12"," 21"," 13"
"2015 12 21 14",18,"2015"," 12"," 21"," 14"
"2015 12 21 15",30,"2015"," 12"," 21"," 15"
"2015 12 21 16",22,"2015"," 12"," 21"," 16"
"2015 12 21 17",29,"2015"," 12"," 21"," 17"
"2015 12 21 18",24,"2015"," 12"," 21"," 18"
"2015 12 21 19",4,"2015"," 12"," 21"," 19"
"2015 12 22 08",2,"2015"," 12"," 22"," 08"
"2015 12 22 09",10,"2015"," 12"," 22"," 09"
"2015 12 22 10",21,"2015"," 12"," 22"," 10"
"2015 12 22 11",19,"2015"," 12"," 22"," 11"
"2015 12 22 12",20,"2015"," 12"," 22"," 12"
"2015 12 22 13",14,"2015"," 12"," 22"," 13"
"2015 12 22 14",28,"2015"," 12"," 22"," 14"
"2015 12 22 15",13,"2015"," 12"," 22"," 15"
"2015 12 22 16",11,"2015"," 12"," 22"," 16"
"2015 12 22 17",20,"2015"," 12"," 22"," 17"
"2015 12 22 18",12,"2015"," 12"," 22"," 18"
"2015 12 22 19",9,"2015"," 12"," 22"," 19"
"2015 12 23 09",7,"2015"," 12"," 23"," 09"
"2015 12 23 10",16,"2015"," 12"," 23"," 10"
"2015 12 23 11",23,"2015"," 12"," 23"," 11"
"2015 12 23 12",18,"2015"," 12"," 23"," 12"
"2015 12 23 13",35,"2015"," 12"," 23"," 13"
"2015 12 23 14",19,"2015"," 12"," 23"," 14"
"2015 12 23 15",24,"2015"," 12"," 23"," 15"
"2015 12 23 16",23,"2015"," 12"," 23"," 16"
"2015 12 23 17",8,"2015"," 12"," 23"," 17"
"2015 12 23 18",17,"2015"," 12"," 23"," 18"
"2015 12 23 19",7,"2015"," 12"," 23"," 19"
"2015 12 24 08",3,"2015"," 12"," 24"," 08"
"2015 12 24 09",6,"2015"," 12"," 24"," 09"
"2015 12 24 10",13,"2015"," 12"," 24"," 10"
"2015 12 24 11",22,"2015"," 12"," 24"," 11"
"2015 12 24 12",23,"2015"," 12"," 24"," 12"
"2015 12 24 13",14,"2015"," 12"," 24"," 13"
"2015 12 24 14",25,"2015"," 12"," 24"," 14"
"2015 12 24 15",19,"2015"," 12"," 24"," 15"
"2015 12 24 16",15,"2015"," 12"," 24"," 16"
"2015 12 24 17",14,"2015"," 12"," 24"," 17"
"2015 12 24 18",22,"2015"," 12"," 24"," 18"
"2015 12 24 19",7,"2015"," 12"," 24"," 19"
"2015 12 25 08",3,"2015"," 12"," 25"," 08"
"2015 12 25 09",7,"2015"," 12"," 25"," 09"
"2015 12 25 10",20,"2015"," 12"," 25"," 10"
"2015 12 25 11",44,"2015"," 12"," 25"," 11"
"2015 12 25 12",21,"2015"," 12"," 25"," 12"
"2015 12 25 13",39,"2015"," 12"," 25"," 13"
"2015 12 25 14",33,"2015"," 12"," 25"," 14"
"2015 12 25 15",24,"2015"," 12"," 25"," 15"
"2015 12 25 16",32,"2015"," 12"," 25"," 16"
"2015 12 25 17",14,"2015"," 12"," 25"," 17"
"2015 12 25 18",18,"2015"," 12"," 25"," 18"
"2015 12 25 19",16,"2015"," 12"," 25"," 19"
"2015 12 26 09",8,"2015"," 12"," 26"," 09"
"2015 12 26 10",23,"2015"," 12"," 26"," 10"
"2015 12 26 11",18,"2015"," 12"," 26"," 11"
"2015 12 26 12",33,"2015"," 12"," 26"," 12"
"2015 12 26 13",20,"2015"," 12"," 26"," 13"
"2015 12 26 14",29,"2015"," 12"," 26"," 14"
"2015 12 28 08",6,"2015"," 12"," 28"," 08"
"2015 12 28 09",26,"2015"," 12"," 28"," 09"
"2015 12 28 10",43,"2015"," 12"," 28"," 10"
"2015 12 28 11",43,"2015"," 12"," 28"," 11"
"2015 12 28 12",37,"2015"," 12"," 28"," 12"
"2015 12 28 13",2,"2015"," 12"," 28"," 13"
"2015 12 29 09",20,"2015"," 12"," 29"," 09"
"2015 12 29 10",26,"2015"," 12"," 29"," 10"
"2015 12 29 11",42,"2015"," 12"," 29"," 11"
"2015 12 29 12",26,"2015"," 12"," 29"," 12"
"2015 12 29 13",43,"2015"," 12"," 29"," 13"
"2015 12 29 14",40,"2015"," 12"," 29"," 14"
"2015 12 29 15",41,"2015"," 12"," 29"," 15"
"2015 12 29 16",14,"2015"," 12"," 29"," 16"
"2015 12 29 17",36,"2015"," 12"," 29"," 17"
"2015 12 29 18",20,"2015"," 12"," 29"," 18"
"2015 12 29 19",20,"2015"," 12"," 29"," 19"
"2015 12 30 08",10,"2015"," 12"," 30"," 08"
"2015 12 30 09",18,"2015"," 12"," 30"," 09"
"2015 12 30 10",24,"2015"," 12"," 30"," 10"
"2015 12 30 11",30,"2015"," 12"," 30"," 11"
"2015 12 30 12",32,"2015"," 12"," 30"," 12"
"2015 12 30 13",32,"2015"," 12"," 30"," 13"
"2015 12 30 14",31,"2015"," 12"," 30"," 14"
"2015 12 30 15",46,"2015"," 12"," 30"," 15"
"2015 12 30 16",37,"2015"," 12"," 30"," 16"
"2015 12 30 17",14,"2015"," 12"," 30"," 17"
"2015 12 30 18",27,"2015"," 12"," 30"," 18"
"2015 12 30 19",3,"2015"," 12"," 30"," 19"
"2015 12 31 08",1,"2015"," 12"," 31"," 08"
"2015 12 31 09",13,"2015"," 12"," 31"," 09"
"2015 12 31 10",19,"2015"," 12"," 31"," 10"
"2015 12 31 11",33,"2015"," 12"," 31"," 11"
"2015 12 31 12",49,"2015"," 12"," 31"," 12"
"2015 12 31 13",25,"2015"," 12"," 31"," 13"
"2015 12 31 14",20,"2015"," 12"," 31"," 14"
"2015 12 31 15",14,"2015"," 12"," 31"," 15"
"2015 12 31 16",16,"2015"," 12"," 31"," 16"
"2015 12 31 17",17,"2015"," 12"," 31"," 17"
